chr	pos	ref	depth	A	C	G	T	N	ref_fraction	chr.1	ref.1	depth.1	A.1	C.1	G.1	T.1	N.1	ref_fraction.1
E3.14K	1	G	2	0	0	2	0	0	1.0	E3.14K	G	2	0	0	2	0	0	1.0
E3.14K	2	T	2	0	0	0	2	0	1.0	E3.14K	T	2	0	0	0	2	0	1.0
E3.14K	3	A	2	2	0	0	0	0	1.0	E3.14K	A	2	2	0	0	0	0	1.0
E3.14K	4	T	3	0	0	0	3	0	1.0	E3.14K	T	3	0	0	0	3	0	1.0
E3.14K	5	T	3	0	0	0	3	0	1.0	E3.14K	T	3	0	0	0	3	0	1.0
E3.14K	6	C	4	0	4	0	0	0	1.0	E3.14K	C	3	0	3	0	0	0	1.0
E3.14K	7	A	4	4	0	0	0	0	1.0	E3.14K	A	3	3	0	0	0	0	1.0
E3.14K	8	G	6	0	0	4	0	2	0.6666666666666666	E3.14K	G	3	0	0	3	0	0	1.0
E3.14K	9	C	4	0	4	0	0	0	1.0	E3.14K	C	3	0	3	0	0	0	1.0
E3.14K	10	T	4	0	0	0	4	0	1.0	E3.14K	T	4	0	0	0	4	0	1.0
E3.14K	11	C	5	0	4	0	0	1	0.8	E3.14K	C	4	0	4	0	0	0	1.0
E3.14K	12	A	9	9	0	0	0	0	1.0	E3.14K	A	7	7	0	0	0	0	1.0
E3.14K	13	A	21	21	0	0	0	0	1.0	E3.14K	A	28	28	0	0	0	0	1.0
E3.14K	14	C	24	0	24	0	0	0	1.0	E3.14K	C	30	0	30	0	0	0	1.0
E3.14K	15	G	25	0	0	25	0	0	1.0	E3.14K	G	40	0	0	40	0	0	1.0
E3.14K	16	A	25	25	0	0	0	0	1.0	E3.14K	A	40	40	0	0	0	0	1.0
E3.14K	17	C	25	0	25	0	0	0	1.0	E3.14K	C	40	0	40	0	0	0	1.0
E3.14K	18	G	28	0	0	25	0	3	0.8928571428571429	E3.14K	G	43	0	0	40	0	3	0.9302325581395349
E3.14K	19	A	25	25	0	0	0	0	1.0	E3.14K	A	40	39	0	1	0	0	0.975
E3.14K	20	G	25	0	0	25	0	0	1.0	E3.14K	G	40	0	0	40	0	0	1.0
E3.14K	21	T	26	0	0	0	25	1	0.9615384615384616	E3.14K	T	41	0	0	0	41	0	1.0
E3.14K	22	C	24	0	23	1	0	0	0.9583333333333334	E3.14K	C	40	0	37	0	3	0	0.925
E3.14K	23	G	26	3	0	23	0	0	0.8846153846153846	E3.14K	G	43	4	0	38	0	1	0.8837209302325582
E3.14K	24	G	26	0	0	26	0	0	1.0	E3.14K	G	42	0	0	42	0	0	1.0
E3.14K	25	T	26	0	0	0	26	0	1.0	E3.14K	T	42	0	0	0	42	0	1.0
E3.14K	26	G	27	0	0	26	0	1	0.9629629629629629	E3.14K	G	42	0	0	42	0	0	1.0
E3.14K	27	A	25	25	0	0	0	0	1.0	E3.14K	A	42	42	0	0	0	0	1.0
E3.14K	28	G	26	0	0	26	0	0	1.0	E3.14K	G	41	0	0	41	0	0	1.0
E3.14K	29	C	28	0	26	0	0	2	0.9285714285714286	E3.14K	C	48	0	41	1	0	6	0.8541666666666666
E3.14K	30	T	26	0	0	0	26	0	1.0	E3.14K	T	42	1	0	0	41	0	0.9761904761904762
E3.14K	31	C	25	0	25	0	0	0	1.0	E3.14K	C	41	0	41	0	0	0	1.0
E3.14K	32	C	26	0	25	0	0	1	0.9615384615384616	E3.14K	C	40	0	39	0	0	1	0.975
E3.14K	33	T	26	3	0	0	22	1	0.8461538461538461	E3.14K	T	39	1	0	0	38	0	0.9743589743589743
E3.14K	34	C	29	0	22	0	4	3	0.7586206896551724	E3.14K	C	45	1	35	0	6	3	0.7777777777777778
E3.14K	35	G	26	3	0	23	0	0	0.8846153846153846	E3.14K	G	43	1	0	41	0	1	0.9534883720930233
E3.14K	36	C	28	0	22	0	4	2	0.7857142857142857	E3.14K	C	43	0	35	0	6	2	0.813953488372093
E3.14K	37	T	21	0	2	0	19	0	0.9047619047619048	E3.14K	T	40	1	5	0	33	1	0.825
E3.14K	38	T	25	1	1	0	23	0	0.92	E3.14K	T	42	2	1	0	39	0	0.9285714285714286
E3.14K	39	G	25	2	0	22	1	0	0.88	E3.14K	G	40	2	0	37	1	0	0.925
E3.14K	40	G	26	0	0	26	0	0	1.0	E3.14K	G	43	0	0	42	0	1	0.9767441860465116
E3.14K	41	T	25	0	0	0	25	0	1.0	E3.14K	T	39	3	1	0	35	0	0.8974358974358975
E3.14K	42	C	16	2	14	0	0	0	0.875	E3.14K	C	31	1	30	0	0	0	0.967741935483871
E3.14K	43	T	26	1	2	0	23	0	0.8846153846153846	E3.14K	T	41	2	1	0	38	0	0.926829268292683
E3.14K	44	C	27	0	27	0	0	0	1.0	E3.14K	C	41	0	41	0	0	0	1.0
E3.14K	45	C	27	0	27	0	0	0	1.0	E3.14K	C	43	0	42	0	0	1	0.9767441860465116
E3.14K	46	G	29	0	0	27	0	2	0.9310344827586207	E3.14K	G	42	0	0	42	0	0	1.0
E3.14K	47	T	27	2	1	0	24	0	0.8888888888888888	E3.14K	T	42	0	0	0	42	0	1.0
E3.14K	48	C	28	0	28	0	0	0	1.0	E3.14K	C	42	0	42	0	0	0	1.0
E3.14K	49	C	28	0	28	0	0	0	1.0	E3.14K	C	42	0	42	0	0	0	1.0
E3.14K	50	G	28	0	0	28	0	0	1.0	E3.14K	G	42	1	0	41	0	0	0.9761904761904762
E3.14K	51	G	28	0	0	28	0	0	1.0	E3.14K	G	42	0	0	42	0	0	1.0
E3.14K	52	A	28	28	0	0	0	0	1.0	E3.14K	A	42	42	0	0	0	0	1.0
E3.14K	53	C	28	0	27	0	1	0	0.9642857142857143	E3.14K	C	42	0	41	0	0	1	0.9761904761904762
E3.14K	54	G	23	0	0	23	0	0	1.0	E3.14K	G	38	1	0	37	0	0	0.9736842105263158
E3.14K	55	G	25	0	0	25	0	0	1.0	E3.14K	G	42	0	0	41	1	0	0.9761904761904762
E3.14K	56	G	26	0	0	26	0	0	1.0	E3.14K	G	41	0	0	41	0	0	1.0
E3.14K	57	A	25	25	0	0	0	0	1.0	E3.14K	A	40	40	0	0	0	0	1.0
E3.14K	58	C	28	0	27	0	1	0	0.9642857142857143	E3.14K	C	43	0	40	0	1	2	0.9302325581395349
E3.14K	59	A	28	28	0	0	0	0	1.0	E3.14K	A	40	39	0	0	1	0	0.975
E3.14K	60	T	17	0	0	0	17	0	1.0	E3.14K	T	27	1	0	0	26	0	0.9629629629629629
E3.14K	61	T	27	0	1	0	26	0	0.9629629629629629	E3.14K	T	39	0	0	0	38	1	0.9743589743589743
E3.14K	62	T	30	0	2	0	26	2	0.8666666666666667	E3.14K	T	42	3	1	0	37	1	0.8809523809523809
E3.14K	63	C	28	0	28	0	0	0	1.0	E3.14K	C	44	1	41	0	0	2	0.9318181818181818
E3.14K	64	A	28	28	0	0	0	0	1.0	E3.14K	A	43	42	0	0	0	1	0.9767441860465116
E3.14K	65	G	28	0	0	28	0	0	1.0	E3.14K	G	42	0	0	42	0	0	1.0
E3.14K	66	A	28	28	0	0	0	0	1.0	E3.14K	A	45	42	0	0	0	3	0.9333333333333333
E3.14K	67	T	30	1	0	0	27	2	0.9	E3.14K	T	46	0	0	0	42	4	0.9130434782608695
E3.14K	68	C	15	1	6	1	7	0	0.4	E3.14K	C	37	0	23	0	14	0	0.6216216216216216
E3.14K	69	G	28	5	0	15	8	0	0.5357142857142857	E3.14K	G	41	7	0	29	5	0	0.7073170731707317
E3.14K	70	G	28	1	0	27	0	0	0.9642857142857143	E3.14K	G	41	0	0	41	0	0	1.0
E3.14K	71	C	28	0	28	0	0	0	1.0	E3.14K	C	41	0	40	0	1	0	0.975609756097561
E3.14K	72	G	28	1	0	27	0	0	0.9642857142857143	E3.14K	G	42	3	0	38	1	0	0.9047619047619048
E3.14K	73	G	28	0	0	28	0	0	1.0	E3.14K	G	42	0	0	42	0	0	1.0
E3.14K	74	C	28	0	28	0	0	0	1.0	E3.14K	C	42	0	42	0	0	0	1.0
E3.14K	75	G	28	0	0	28	0	0	1.0	E3.14K	G	42	0	0	42	0	0	1.0
E3.14K	76	C	28	0	28	0	0	0	1.0	E3.14K	C	42	0	42	0	0	0	1.0
E3.14K	77	C	28	0	28	0	0	0	1.0	E3.14K	C	42	0	42	0	0	0	1.0
E3.14K	78	G	28	2	0	26	0	0	0.9285714285714286	E3.14K	G	42	6	0	36	0	0	0.8571428571428571
E3.14K	79	G	28	0	0	27	1	0	0.9642857142857143	E3.14K	G	42	0	0	42	0	0	1.0
E3.14K	80	C	30	0	28	0	0	2	0.9333333333333333	E3.14K	C	41	0	41	0	0	0	1.0
E3.14K	81	C	27	0	27	0	0	0	1.0	E3.14K	C	42	0	42	0	0	0	1.0
E3.14K	82	G	34	0	0	27	0	7	0.7941176470588235	E3.14K	G	56	2	0	40	0	14	0.7142857142857143
E3.14K	83	T	12	0	5	0	7	0	0.5833333333333334	E3.14K	T	27	0	10	0	17	0	0.6296296296296297
E3.14K	84	C	16	1	11	0	4	0	0.6875	E3.14K	C	30	2	15	2	11	0	0.5
E3.14K	85	C	22	2	17	0	3	0	0.7727272727272727	E3.14K	C	31	1	28	0	2	0	0.9032258064516129
E3.14K	86	T	14	1	1	0	12	0	0.8571428571428571	E3.14K	T	26	1	1	0	24	0	0.9230769230769231
E3.14K	87	T	28	2	0	0	26	0	0.9285714285714286	E3.14K	T	41	3	0	0	38	0	0.926829268292683
E3.14K	88	C	30	0	28	0	1	1	0.9333333333333333	E3.14K	C	40	0	37	0	3	0	0.925
E3.14K	89	A	30	28	1	0	0	1	0.9333333333333333	E3.14K	A	42	40	0	1	0	1	0.9523809523809523
E3.14K	90	T	16	0	2	0	14	0	0.875	E3.14K	T	15	2	1	0	12	0	0.8
E3.14K	91	T	27	2	1	0	24	0	0.8888888888888888	E3.14K	T	37	2	2	0	33	0	0.8918918918918919
E3.14K	92	C	27	0	23	0	4	0	0.8518518518518519	E3.14K	C	34	0	33	0	1	0	0.9705882352941176
E3.14K	93	A	30	29	0	0	1	0	0.9666666666666667	E3.14K	A	40	40	0	0	0	0	1.0
E3.14K	94	C	30	0	29	0	1	0	0.9666666666666667	E3.14K	C	40	0	40	0	0	0	1.0
E3.14K	95	G	30	0	0	30	0	0	1.0	E3.14K	G	41	0	0	40	0	1	0.975609756097561
E3.14K	96	C	30	0	30	0	0	0	1.0	E3.14K	C	39	0	39	0	0	0	1.0
E3.14K	97	C	32	0	30	0	0	2	0.9375	E3.14K	C	42	0	40	0	0	2	0.9523809523809523
E3.14K	98	T	31	0	0	0	29	2	0.9354838709677419	E3.14K	T	40	2	1	0	37	0	0.925
E3.14K	99	C	28	0	28	0	0	0	1.0	E3.14K	C	42	0	37	0	4	1	0.8809523809523809
E3.14K	100	G	30	1	0	28	1	0	0.9333333333333333	E3.14K	G	45	0	0	41	2	2	0.9111111111111111
E3.14K	101	T	28	0	1	1	26	0	0.9285714285714286	E3.14K	T	42	0	3	2	36	1	0.8571428571428571
E3.14K	102	C	31	0	30	0	0	1	0.967741935483871	E3.14K	C	43	0	43	0	0	0	1.0
E3.14K	103	A	31	28	0	2	0	1	0.9032258064516129	E3.14K	A	46	40	1	2	0	3	0.8695652173913043
E3.14K	104	G	31	0	0	31	0	0	1.0	E3.14K	G	43	1	0	42	0	0	0.9767441860465116
E3.14K	105	G	31	0	0	31	0	0	1.0	E3.14K	G	43	0	0	43	0	0	1.0
E3.14K	106	C	32	0	31	0	0	1	0.96875	E3.14K	C	43	0	43	0	0	0	1.0
E3.14K	107	A	30	30	0	0	0	0	1.0	E3.14K	A	42	42	0	0	0	0	1.0
E3.14K	108	A	31	30	0	1	0	0	0.967741935483871	E3.14K	A	45	43	0	0	0	2	0.9555555555555556
E3.14K	109	T	30	0	0	1	29	0	0.9666666666666667	E3.14K	T	44	1	0	1	42	0	0.9545454545454546
E3.14K	110	C	31	0	30	0	0	1	0.967741935483871	E3.14K	C	45	0	43	1	0	1	0.9555555555555556
E3.14K	111	C	30	0	30	0	0	0	1.0	E3.14K	C	43	0	43	0	0	0	1.0
E3.14K	112	T	28	0	0	0	28	0	1.0	E3.14K	T	37	0	2	0	35	0	0.9459459459459459
E3.14K	113	A	29	29	0	0	0	0	1.0	E3.14K	A	43	43	0	0	0	0	1.0
E3.14K	114	A	30	29	1	0	0	0	0.9666666666666667	E3.14K	A	37	35	1	0	1	0	0.9459459459459459
E3.14K	115	C	22	0	21	0	1	0	0.9545454545454546	E3.14K	C	32	1	31	0	0	0	0.96875
E3.14K	116	T	24	1	1	0	22	0	0.9166666666666666	E3.14K	T	37	1	0	0	36	0	0.972972972972973
E3.14K	117	C	31	0	28	1	2	0	0.9032258064516129	E3.14K	C	40	1	36	0	3	0	0.9
E3.14K	118	T	29	1	0	0	28	0	0.9655172413793104	E3.14K	T	41	0	0	1	40	0	0.975609756097561
E3.14K	119	G	28	0	0	27	1	0	0.9642857142857143	E3.14K	G	40	0	0	40	0	0	1.0
E3.14K	120	C	31	5	26	0	0	0	0.8387096774193549	E3.14K	C	44	2	41	0	0	1	0.9318181818181818
E3.14K	121	A	33	32	0	1	0	0	0.9696969696969697	E3.14K	A	44	44	0	0	0	0	1.0
E3.14K	122	G	33	0	0	33	0	0	1.0	E3.14K	G	45	0	0	44	0	1	0.9777777777777777
E3.14K	123	A	34	33	0	0	1	0	0.9705882352941176	E3.14K	A	50	44	0	0	0	6	0.88
E3.14K	124	C	34	0	34	0	0	0	1.0	E3.14K	C	44	0	44	0	0	0	1.0
E3.14K	125	C	34	0	34	0	0	0	1.0	E3.14K	C	45	2	42	0	0	1	0.9333333333333333
E3.14K	126	T	32	0	1	0	31	0	0.96875	E3.14K	T	44	0	3	0	41	0	0.9318181818181818
E3.14K	127	C	37	0	34	0	1	2	0.918918918918919	E3.14K	C	43	0	41	0	2	0	0.9534883720930233
E3.14K	128	G	37	0	0	34	1	2	0.918918918918919	E3.14K	G	46	0	0	45	0	1	0.9782608695652174
E3.14K	129	T	35	1	0	1	32	1	0.9142857142857143	E3.14K	T	44	0	1	0	43	0	0.9772727272727273
E3.14K	130	C	37	0	34	0	0	3	0.918918918918919	E3.14K	C	46	0	44	0	0	2	0.9565217391304348
E3.14K	131	C	34	0	33	0	0	1	0.9705882352941176	E3.14K	C	45	0	43	0	1	1	0.9555555555555556
E3.14K	132	T	34	1	0	0	33	0	0.9705882352941176	E3.14K	T	43	2	0	0	41	0	0.9534883720930233
E3.14K	133	C	32	0	20	0	12	0	0.625	E3.14K	C	38	1	28	0	9	0	0.7368421052631579
E3.14K	134	T	35	3	0	0	32	0	0.9142857142857143	E3.14K	T	43	1	0	0	42	0	0.9767441860465116
E3.14K	135	G	37	2	0	33	0	2	0.8918918918918919	E3.14K	G	47	1	0	44	0	2	0.9361702127659575
E3.14K	136	A	36	35	0	0	0	1	0.9722222222222222	E3.14K	A	41	40	0	1	0	0	0.975609756097561
E3.14K	137	G	35	2	0	33	0	0	0.9428571428571428	E3.14K	G	43	0	0	43	0	0	1.0
E3.14K	138	C	37	2	32	1	0	2	0.8648648648648649	E3.14K	C	41	1	39	0	1	0	0.9512195121951219
E3.14K	139	C	34	0	30	0	4	0	0.8823529411764706	E3.14K	C	43	0	40	0	3	0	0.9302325581395349
E3.14K	140	G	34	0	0	34	0	0	1.0	E3.14K	G	44	0	0	44	0	0	1.0
E3.14K	141	C	34	0	34	0	0	0	1.0	E3.14K	C	45	1	42	0	2	0	0.9333333333333333
E3.14K	142	G	34	0	0	34	0	0	1.0	E3.14K	G	44	3	0	40	1	0	0.9090909090909091
E3.14K	143	C	31	0	30	0	1	0	0.967741935483871	E3.14K	C	39	2	36	0	1	0	0.9230769230769231
E3.14K	144	T	35	1	0	0	33	1	0.9428571428571428	E3.14K	T	42	0	1	0	40	1	0.9523809523809523
E3.14K	145	C	31	0	29	0	2	0	0.9354838709677419	E3.14K	C	40	0	32	0	8	0	0.8
E3.14K	146	T	35	0	0	0	35	0	1.0	E3.14K	T	45	1	0	0	44	0	0.9777777777777777
E3.14K	147	G	34	0	0	34	0	0	1.0	E3.14K	G	45	0	0	45	0	0	1.0
E3.14K	148	G	35	0	0	34	0	1	0.9714285714285714	E3.14K	G	46	0	0	45	0	1	0.9782608695652174
E3.14K	149	A	33	33	0	0	0	0	1.0	E3.14K	A	44	44	0	0	0	0	1.0
E3.14K	150	G	35	0	0	35	0	0	1.0	E3.14K	G	45	0	0	45	0	0	1.0
E3.14K	151	G	35	0	0	35	0	0	1.0	E3.14K	G	45	0	0	45	0	0	1.0
E3.14K	152	C	37	0	35	0	0	2	0.9459459459459459	E3.14K	C	46	0	45	0	0	1	0.9782608695652174
E3.14K	153	A	34	34	0	0	0	0	1.0	E3.14K	A	45	45	0	0	0	0	1.0
E3.14K	154	T	34	0	1	0	33	0	0.9705882352941176	E3.14K	T	45	0	1	0	44	0	0.9777777777777777
E3.14K	155	T	35	0	0	0	35	0	1.0	E3.14K	T	45	0	0	0	45	0	1.0
E3.14K	156	G	33	1	0	32	0	0	0.9696969696969697	E3.14K	G	42	1	0	41	0	0	0.9761904761904762
E3.14K	157	G	34	0	0	34	0	0	1.0	E3.14K	G	45	0	0	45	0	0	1.0
E3.14K	158	A	36	33	0	0	1	2	0.9166666666666666	E3.14K	A	45	44	0	0	1	0	0.9777777777777777
E3.14K	159	A	35	35	0	0	0	0	1.0	E3.14K	A	47	45	0	0	0	2	0.9574468085106383
E3.14K	160	C	27	0	26	0	1	0	0.9629629629629629	E3.14K	C	38	0	37	0	1	0	0.9736842105263158
E3.14K	161	T	29	1	0	0	27	1	0.9310344827586207	E3.14K	T	37	2	0	0	35	0	0.9459459459459459
E3.14K	162	C	32	1	28	0	3	0	0.875	E3.14K	C	43	0	39	0	4	0	0.9069767441860465
E3.14K	163	T	33	0	1	0	32	0	0.9696969696969697	E3.14K	T	46	0	0	1	44	1	0.9565217391304348
E3.14K	164	G	34	0	0	34	0	0	1.0	E3.14K	G	46	0	0	43	2	1	0.9347826086956522
E3.14K	165	C	36	0	34	0	0	2	0.9444444444444444	E3.14K	C	48	2	43	0	0	3	0.8958333333333334
E3.14K	166	A	35	35	0	0	0	0	1.0	E3.14K	A	45	44	0	1	0	0	0.9777777777777777
E3.14K	167	A	35	35	0	0	0	0	1.0	E3.14K	A	45	44	1	0	0	0	0.9777777777777777
E3.14K	168	T	34	1	1	0	32	0	0.9411764705882353	E3.14K	T	43	0	0	0	43	0	1.0
E3.14K	169	T	37	0	4	0	31	2	0.8378378378378378	E3.14K	T	45	1	1	0	42	1	0.9333333333333333
E3.14K	170	T	35	3	3	0	29	0	0.8285714285714286	E3.14K	T	44	1	4	0	39	0	0.8863636363636364
E3.14K	171	A	36	34	0	1	0	1	0.9444444444444444	E3.14K	A	44	44	0	0	0	0	1.0
E3.14K	172	T	34	0	5	0	29	0	0.8529411764705882	E3.14K	T	45	0	2	0	43	0	0.9555555555555556
E3.14K	173	T	36	1	1	0	33	1	0.9166666666666666	E3.14K	T	45	0	1	0	44	0	0.9777777777777777
E3.14K	174	G	35	0	0	35	0	0	1.0	E3.14K	G	42	0	0	42	0	0	1.0
E3.14K	175	A	35	35	0	0	0	0	1.0	E3.14K	A	44	43	0	1	0	0	0.9772727272727273
E3.14K	176	G	35	1	0	34	0	0	0.9714285714285714	E3.14K	G	43	1	0	42	0	0	0.9767441860465116
E3.14K	177	G	33	1	0	32	0	0	0.9696969696969697	E3.14K	G	44	0	0	44	0	0	1.0
E3.14K	178	A	33	32	0	1	0	0	0.9696969696969697	E3.14K	A	43	43	0	0	0	0	1.0
E3.14K	179	G	34	0	0	34	0	0	1.0	E3.14K	G	44	0	0	44	0	0	1.0
E3.14K	180	T	30	0	0	0	30	0	1.0	E3.14K	T	42	0	0	0	42	0	1.0
E3.14K	181	T	36	0	3	0	32	1	0.8888888888888888	E3.14K	T	45	0	2	0	43	0	0.9555555555555556
E3.14K	182	T	35	0	0	0	35	0	1.0	E3.14K	T	46	0	1	0	45	0	0.9782608695652174
E3.14K	183	G	37	0	0	35	0	2	0.9459459459459459	E3.14K	G	47	0	0	46	0	1	0.9787234042553191
E3.14K	184	T	35	0	0	0	35	0	1.0	E3.14K	T	47	0	0	0	46	1	0.9787234042553191
E3.14K	185	G	35	0	0	35	0	0	1.0	E3.14K	G	46	0	0	46	0	0	1.0
E3.14K	186	C	37	0	35	0	0	2	0.9459459459459459	E3.14K	C	47	0	46	0	0	1	0.9787234042553191
E3.14K	187	C	35	0	35	0	0	0	1.0	E3.14K	C	46	0	46	0	0	0	1.0
E3.14K	188	A	36	35	0	0	0	1	0.9722222222222222	E3.14K	A	46	46	0	0	0	0	1.0
E3.14K	189	T	36	0	0	0	35	1	0.9722222222222222	E3.14K	T	46	1	1	0	44	0	0.9565217391304348
E3.14K	190	C	29	1	27	0	1	0	0.9310344827586207	E3.14K	C	32	0	29	1	2	0	0.90625
E3.14K	191	G	35	1	1	33	0	0	0.9428571428571428	E3.14K	G	47	1	0	45	0	1	0.9574468085106383
E3.14K	192	G	35	0	0	35	0	0	1.0	E3.14K	G	49	0	0	45	1	3	0.9183673469387755
E3.14K	193	T	31	0	0	0	31	0	1.0	E3.14K	T	42	0	0	0	42	0	1.0
E3.14K	194	C	32	1	29	0	1	1	0.90625	E3.14K	C	41	0	41	0	0	0	1.0
E3.14K	195	T	30	0	2	1	27	0	0.9	E3.14K	T	40	1	0	0	39	0	0.975
E3.14K	196	A	34	34	0	0	0	0	1.0	E3.14K	A	46	45	0	0	0	1	0.9782608695652174
E3.14K	197	C	30	0	29	0	1	0	0.9666666666666667	E3.14K	C	43	0	41	0	2	0	0.9534883720930233
E3.14K	198	T	30	2	0	0	28	0	0.9333333333333333	E3.14K	T	37	0	0	0	37	0	1.0
E3.14K	199	T	34	1	2	0	31	0	0.9117647058823529	E3.14K	T	45	0	7	0	38	0	0.8444444444444444
E3.14K	200	T	36	0	8	0	27	1	0.75	E3.14K	T	46	0	5	0	40	1	0.8695652173913043
E3.14K	201	A	35	35	0	0	0	0	1.0	E3.14K	A	46	46	0	0	0	0	1.0
E3.14K	202	A	35	34	0	0	1	0	0.9714285714285714	E3.14K	A	46	45	0	0	1	0	0.9782608695652174
E3.14K	203	C	34	0	34	0	0	0	1.0	E3.14K	C	44	0	44	0	0	0	1.0
E3.14K	204	C	34	0	34	0	0	0	1.0	E3.14K	C	46	0	46	0	0	0	1.0
E3.14K	205	C	37	0	34	0	0	3	0.918918918918919	E3.14K	C	51	0	46	0	0	5	0.9019607843137255
E3.14K	206	C	29	0	29	0	0	0	1.0	E3.14K	C	42	3	38	0	1	0	0.9047619047619048
E3.14K	207	T	15	4	0	0	11	0	0.7333333333333333	E3.14K	T	24	5	1	0	18	0	0.75
E3.14K	208	T	30	8	4	0	18	0	0.6	E3.14K	T	39	14	3	0	22	0	0.5641025641025641
E3.14K	209	C	31	6	24	0	1	0	0.7741935483870968	E3.14K	C	41	8	31	0	2	0	0.7560975609756098
E3.14K	210	T	29	12	2	1	14	0	0.4827586206896552	E3.14K	T	38	11	2	2	23	0	0.6052631578947368
E3.14K	211	C	34	3	23	0	6	2	0.6764705882352942	E3.14K	C	46	4	27	1	9	5	0.5869565217391305
E3.14K	212	G	34	3	0	31	0	0	0.9117647058823529	E3.14K	G	49	5	0	42	0	2	0.8571428571428571
E3.14K	213	G	36	0	0	36	0	0	1.0	E3.14K	G	47	1	0	46	0	0	0.9787234042553191
E3.14K	214	G	36	0	0	36	0	0	1.0	E3.14K	G	47	0	0	47	0	0	1.0
E3.14K	215	A	37	34	0	0	2	1	0.918918918918919	E3.14K	A	46	46	0	0	0	0	1.0
E3.14K	216	C	24	0	24	0	0	0	1.0	E3.14K	C	30	0	30	0	0	0	1.0
E3.14K	217	C	22	0	22	0	0	0	1.0	E3.14K	C	29	0	29	0	0	0	1.0
E3.14K	218	T	21	2	0	0	19	0	0.9047619047619048	E3.14K	T	32	2	0	0	29	1	0.90625
E3.14K	219	C	36	0	36	0	0	0	1.0	E3.14K	C	47	0	47	0	0	0	1.0
E3.14K	220	C	36	0	36	0	0	0	1.0	E3.14K	C	47	0	47	0	0	0	1.0
E3.14K	221	C	36	0	36	0	0	0	1.0	E3.14K	C	47	0	47	0	0	0	1.0
E3.14K	222	G	36	1	0	34	1	0	0.9444444444444444	E3.14K	G	47	5	0	42	0	0	0.8936170212765957
E3.14K	223	G	37	0	0	35	1	1	0.9459459459459459	E3.14K	G	47	0	0	47	0	0	1.0
E3.14K	224	C	37	0	36	0	0	1	0.972972972972973	E3.14K	C	47	0	47	0	0	0	1.0
E3.14K	225	C	35	0	35	0	0	0	1.0	E3.14K	C	47	0	47	0	0	0	1.0
E3.14K	226	A	33	31	1	1	0	0	0.9393939393939394	E3.14K	A	47	47	0	0	0	0	1.0
E3.14K	227	C	35	0	34	0	1	0	0.9714285714285714	E3.14K	C	47	0	47	0	0	0	1.0
E3.14K	228	T	35	0	0	1	34	0	0.9714285714285714	E3.14K	T	47	0	0	0	47	0	1.0
E3.14K	229	A	36	34	1	0	0	1	0.9444444444444444	E3.14K	A	47	47	0	0	0	0	1.0
E3.14K	230	T	37	2	2	0	32	1	0.8648648648648649	E3.14K	T	47	0	0	0	47	0	1.0
E3.14K	231	C	37	0	36	0	0	1	0.972972972972973	E3.14K	C	47	0	47	0	0	0	1.0
E3.14K	232	C	37	0	36	0	0	1	0.972972972972973	E3.14K	C	47	0	47	0	0	0	1.0
E3.14K	233	G	36	1	0	35	0	0	0.9722222222222222	E3.14K	G	47	1	0	46	0	0	0.9787234042553191
E3.14K	234	G	36	0	0	36	0	0	1.0	E3.14K	G	49	0	0	47	0	2	0.9591836734693877
E3.14K	235	A	36	36	0	0	0	0	1.0	E3.14K	A	47	47	0	0	0	0	1.0
E3.14K	236	T	36	0	0	0	36	0	1.0	E3.14K	T	48	0	1	0	46	1	0.9583333333333334
E3.14K	237	C	39	0	36	0	0	3	0.9230769230769231	E3.14K	C	51	0	47	0	0	4	0.9215686274509803
E3.14K	238	A	33	33	0	0	0	0	1.0	E3.14K	A	45	44	0	0	1	0	0.9777777777777777
E3.14K	239	A	36	35	0	1	0	0	0.9722222222222222	E3.14K	A	50	45	0	2	0	3	0.9
E3.14K	240	T	36	1	0	0	34	1	0.9444444444444444	E3.14K	T	47	0	0	0	46	1	0.9787234042553191
E3.14K	241	T	40	1	6	0	29	4	0.725	E3.14K	T	50	0	8	0	39	3	0.78
E3.14K	242	T	36	1	2	0	33	0	0.9166666666666666	E3.14K	T	47	0	2	0	45	0	0.9574468085106383
E3.14K	243	A	38	35	1	0	0	2	0.9210526315789473	E3.14K	A	49	47	0	0	0	2	0.9591836734693877
E3.14K	244	T	33	3	0	0	30	0	0.9090909090909091	E3.14K	T	43	0	0	0	43	0	1.0
E3.14K	245	T	37	2	0	0	34	1	0.918918918918919	E3.14K	T	47	1	1	0	45	0	0.9574468085106383
E3.14K	246	C	34	1	33	0	0	0	0.9705882352941176	E3.14K	C	47	0	46	0	0	1	0.9787234042553191
E3.14K	247	C	35	0	35	0	0	0	1.0	E3.14K	C	48	1	45	0	1	1	0.9375
E3.14K	248	T	36	2	1	0	32	1	0.8888888888888888	E3.14K	T	45	0	1	0	44	0	0.9777777777777777
E3.14K	249	A	35	34	0	0	1	0	0.9714285714285714	E3.14K	A	47	47	0	0	0	0	1.0
E3.14K	250	A	34	34	0	0	0	0	1.0	E3.14K	A	46	46	0	0	0	0	1.0
E3.14K	251	C	31	0	29	0	2	0	0.9354838709677419	E3.14K	C	48	1	44	0	1	2	0.9166666666666666
E3.14K	252	T	30	2	0	0	28	0	0.9333333333333333	E3.14K	T	37	0	1	0	36	0	0.972972972972973
E3.14K	253	T	39	1	4	0	32	2	0.8205128205128205	E3.14K	T	45	0	4	0	41	0	0.9111111111111111
E3.14K	254	T	38	0	0	1	36	1	0.9473684210526315	E3.14K	T	46	0	0	1	45	0	0.9782608695652174
E3.14K	255	G	38	0	0	38	0	0	1.0	E3.14K	G	48	1	1	45	0	1	0.9375
E3.14K	256	A	36	36	0	0	0	0	1.0	E3.14K	A	46	46	0	0	0	0	1.0
E3.14K	257	C	38	0	35	0	3	0	0.9210526315789473	E3.14K	C	47	0	42	0	5	0	0.8936170212765957
E3.14K	258	G	37	0	0	36	1	0	0.972972972972973	E3.14K	G	46	0	0	46	0	0	1.0
E3.14K	259	C	39	0	37	0	1	1	0.9487179487179487	E3.14K	C	48	0	47	0	0	1	0.9791666666666666
E3.14K	260	G	39	7	0	31	0	1	0.7948717948717948	E3.14K	G	47	6	0	41	0	0	0.8723404255319149
E3.14K	261	G	39	0	0	38	1	0	0.9743589743589743	E3.14K	G	48	0	0	47	0	1	0.9791666666666666
E3.14K	262	T	38	0	1	0	37	0	0.9736842105263158	E3.14K	T	48	0	0	0	47	1	0.9791666666666666
E3.14K	263	A	36	35	0	0	1	0	0.9722222222222222	E3.14K	A	41	41	0	0	0	0	1.0
E3.14K	264	A	87	87	0	0	0	0	1.0	E3.14K	A	62	62	0	0	0	0	1.0
E3.14K	265	A	90	90	0	0	0	0	1.0	E3.14K	A	64	64	0	0	0	0	1.0
E3.14K	266	G	97	0	0	97	0	0	1.0	E3.14K	G	66	0	0	66	0	0	1.0
E3.14K	267	G	98	0	0	97	0	1	0.9897959183673469	E3.14K	G	69	0	0	68	0	1	0.9855072463768116
E3.14K	268	A	93	93	0	0	0	0	1.0	E3.14K	A	68	68	0	0	0	0	1.0
E3.14K	269	C	101	0	96	0	1	4	0.9504950495049505	E3.14K	C	79	0	68	0	0	11	0.8607594936708861
E3.14K	270	T	96	3	1	0	92	0	0.9583333333333334	E3.14K	T	70	4	0	0	64	2	0.9142857142857143
E3.14K	271	C	96	0	90	0	6	0	0.9375	E3.14K	C	67	0	64	0	3	0	0.9552238805970149
E3.14K	272	G	99	2	0	91	6	0	0.9191919191919192	E3.14K	G	69	1	0	65	3	0	0.9420289855072463
E3.14K	273	G	102	1	0	101	0	0	0.9901960784313726	E3.14K	G	72	0	0	70	0	2	0.9722222222222222
E3.14K	274	C	103	0	101	0	2	0	0.9805825242718447	E3.14K	C	70	0	69	0	1	0	0.9857142857142858
E3.14K	275	G	104	5	1	98	0	0	0.9423076923076923	E3.14K	G	69	1	0	68	0	0	0.9855072463768116
E3.14K	276	G	106	0	0	106	0	0	1.0	E3.14K	G	71	0	0	71	0	0	1.0
E3.14K	277	A	107	106	0	0	0	1	0.9906542056074766	E3.14K	A	71	70	0	0	1	0	0.9859154929577465
E3.14K	278	C	110	0	106	0	0	4	0.9636363636363636	E3.14K	C	72	0	71	0	0	1	0.9861111111111112
E3.14K	279	G	108	6	0	100	0	2	0.9259259259259259	E3.14K	G	73	1	0	70	0	2	0.958904109589041
E3.14K	280	G	106	6	0	99	1	0	0.9339622641509434	E3.14K	G	70	3	0	66	1	0	0.9428571428571428
E3.14K	281	C	108	3	103	0	0	2	0.9537037037037037	E3.14K	C	70	2	67	0	1	0	0.9571428571428572
E3.14K	282	T	104	0	0	0	104	0	1.0	E3.14K	T	68	0	0	0	68	0	1.0
E3.14K	283	A	104	103	0	1	0	0	0.9903846153846154	E3.14K	A	72	70	0	0	1	1	0.9722222222222222
E3.14K	284	C	105	0	105	0	0	0	1.0	E3.14K	C	73	0	68	0	3	2	0.9315068493150684
E3.14K	285	G	107	0	1	103	1	2	0.9626168224299065	E3.14K	G	77	0	0	71	0	6	0.922077922077922
E3.14K	286	A	101	99	0	1	1	0	0.9801980198019802	E3.14K	A	65	64	0	1	0	0	0.9846153846153847
E3.14K	287	C	106	1	101	0	3	1	0.9528301886792453	E3.14K	C	70	0	64	1	5	0	0.9142857142857143
E3.14K	288	T	105	1	0	0	104	0	0.9904761904761905	E3.14K	T	71	0	0	0	71	0	1.0
E3.14K	289	G	111	0	0	107	0	4	0.963963963963964	E3.14K	G	77	0	0	71	0	6	0.922077922077922
E3.14K	290	A	107	107	0	0	0	0	1.0	E3.14K	A	71	71	0	0	0	0	1.0
E3.14K	291	A	107	107	0	0	0	0	1.0	E3.14K	A	71	71	0	0	0	0	1.0
E3.14K	292	T	104	0	2	0	101	1	0.9711538461538461	E3.14K	T	69	0	0	0	68	1	0.9855072463768116
E3.14K	293	G	106	1	0	102	0	3	0.9622641509433962	E3.14K	G	67	0	0	67	0	0	1.0
E3.14K	294	T	96	0	7	3	86	0	0.8958333333333334	E3.14K	T	64	0	5	2	57	0	0.890625
E3.14K	295	T	104	0	2	0	102	0	0.9807692307692307	E3.14K	T	70	0	0	0	69	1	0.9857142857142858
E3.14K	296	A	97	89	0	0	8	0	0.9175257731958762	E3.14K	A	64	62	0	0	2	0	0.96875
E3.14K	297	A	106	89	0	15	0	2	0.839622641509434	E3.14K	A	75	64	0	7	0	4	0.8533333333333334
E3.14K	298	G	106	0	1	105	0	0	0.9905660377358491	E3.14K	G	70	0	0	70	0	0	1.0
E3.14K	299	T	107	0	0	0	107	0	1.0	E3.14K	T	72	0	0	0	70	2	0.9722222222222222
E3.14K	300	G	99	4	1	94	0	0	0.9494949494949495	E3.14K	G	66	0	0	65	1	0	0.9848484848484849
E3.14K	301	G	103	3	0	99	1	0	0.9611650485436893	E3.14K	G	64	1	0	63	0	0	0.984375
E3.14K	302	A	104	103	0	0	1	0	0.9903846153846154	E3.14K	A	66	65	0	0	0	1	0.9848484848484849
E3.14K	303	G	109	0	0	109	0	0	1.0	E3.14K	G	70	0	0	70	0	0	1.0
E3.14K	304	A	108	106	0	0	2	0	0.9814814814814815	E3.14K	A	70	68	0	0	1	1	0.9714285714285714
E3.14K	305	G	107	0	0	107	0	0	1.0	E3.14K	G	70	1	0	69	0	0	0.9857142857142858
E3.14K	306	G	108	1	0	107	0	0	0.9907407407407407	E3.14K	G	70	0	0	70	0	0	1.0
E3.14K	307	C	109	0	107	0	1	1	0.981651376146789	E3.14K	C	70	1	69	0	0	0	0.9857142857142858
E3.14K	308	A	110	110	0	0	0	0	1.0	E3.14K	A	71	71	0	0	0	0	1.0
E3.14K	309	G	111	0	0	110	0	1	0.990990990990991	E3.14K	G	72	0	0	71	0	1	0.9861111111111112
E3.14K	310	A	110	110	0	0	0	0	1.0	E3.14K	A	72	72	0	0	0	0	1.0
E3.14K	311	G	109	0	0	109	0	0	1.0	E3.14K	G	72	0	0	72	0	0	1.0
E3.14K	312	C	108	0	108	0	0	0	1.0	E3.14K	C	72	0	71	0	1	0	0.9861111111111112
E3.14K	313	A	107	106	0	0	1	0	0.9906542056074766	E3.14K	A	70	70	0	0	0	0	1.0
E3.14K	314	A	110	109	0	0	0	1	0.990909090909091	E3.14K	A	72	72	0	0	0	0	1.0
E3.14K	315	C	109	0	107	0	2	0	0.981651376146789	E3.14K	C	73	0	70	0	2	1	0.958904109589041
E3.14K	316	T	112	0	0	0	109	3	0.9732142857142857	E3.14K	T	73	0	0	0	72	1	0.9863013698630136
E3.14K	317	G	111	0	0	110	0	1	0.990990990990991	E3.14K	G	73	0	0	71	0	2	0.9726027397260274
E3.14K	318	C	114	0	102	0	8	4	0.8947368421052632	E3.14K	C	71	0	66	0	5	0	0.9295774647887324
E3.14K	319	G	112	0	0	110	0	2	0.9821428571428571	E3.14K	G	73	0	0	72	0	1	0.9863013698630136
E3.14K	320	C	109	0	109	0	0	0	1.0	E3.14K	C	72	0	72	0	0	0	1.0
E3.14K	321	C	113	0	110	0	0	3	0.9734513274336283	E3.14K	C	72	0	72	0	0	0	1.0
E3.14K	322	T	108	0	0	3	105	0	0.9722222222222222	E3.14K	T	72	0	0	0	72	0	1.0
E3.14K	323	G	115	0	0	110	0	5	0.9565217391304348	E3.14K	G	73	0	0	72	0	1	0.9863013698630136
E3.14K	324	A	102	102	0	0	0	0	1.0	E3.14K	A	71	71	0	0	0	0	1.0
E3.14K	325	A	111	110	0	0	0	1	0.990990990990991	E3.14K	A	72	72	0	0	0	0	1.0
E3.14K	326	A	105	102	0	0	3	0	0.9714285714285714	E3.14K	A	70	67	0	0	3	0	0.9571428571428572
E3.14K	327	C	104	0	103	0	1	0	0.9903846153846154	E3.14K	C	72	0	70	0	1	1	0.9722222222222222
E3.14K	328	A	106	104	1	0	1	0	0.9811320754716981	E3.14K	A	75	74	0	0	0	1	0.9866666666666667
E3.14K	329	C	111	0	111	0	0	0	1.0	E3.14K	C	73	0	72	0	1	0	0.9863013698630136
E3.14K	330	C	111	0	110	0	1	0	0.990990990990991	E3.14K	C	74	0	74	0	0	0	1.0
E3.14K	331	T	110	0	2	0	107	1	0.9727272727272728	E3.14K	T	74	1	1	0	72	0	0.972972972972973
E3.14K	332	G	109	0	0	109	0	0	1.0	E3.14K	G	69	0	0	69	0	0	1.0
E3.14K	333	G	112	0	0	112	0	0	1.0	E3.14K	G	73	0	0	72	1	0	0.9863013698630136
E3.14K	334	T	114	0	1	0	111	2	0.9736842105263158	E3.14K	T	75	0	1	0	72	2	0.96
E3.14K	335	C	114	0	111	0	1	2	0.9736842105263158	E3.14K	C	79	1	73	0	0	5	0.9240506329113924
E3.14K	336	C	107	0	107	0	0	0	1.0	E3.14K	C	72	0	72	0	0	0	1.0
E3.14K	337	A	103	100	2	0	1	0	0.970873786407767	E3.14K	A	69	66	1	0	2	0	0.9565217391304348
E3.14K	338	C	109	0	100	2	7	0	0.9174311926605505	E3.14K	C	74	0	69	0	4	1	0.9324324324324325
E3.14K	339	T	111	0	2	0	109	0	0.9819819819819819	E3.14K	T	76	0	0	0	74	2	0.9736842105263158
E3.14K	340	G	116	2	0	109	0	5	0.9396551724137931	E3.14K	G	77	3	0	71	0	3	0.922077922077922
E3.14K	341	T	110	0	2	0	108	0	0.9818181818181818	E3.14K	T	75	0	2	1	71	1	0.9466666666666667
E3.14K	342	C	109	0	105	0	4	0	0.963302752293578	E3.14K	C	72	0	72	0	0	0	1.0
E3.14K	343	G	111	1	0	109	0	1	0.9819819819819819	E3.14K	G	73	1	0	72	0	0	0.9863013698630136
E3.14K	344	C	110	0	110	0	0	0	1.0	E3.14K	C	74	0	73	0	1	0	0.9864864864864865
E3.14K	345	C	115	0	113	0	0	2	0.9826086956521739	E3.14K	C	74	0	74	0	0	0	1.0
E3.14K	346	G	115	1	0	111	2	1	0.9652173913043478	E3.14K	G	74	0	0	74	0	0	1.0
E3.14K	347	C	116	0	113	0	1	2	0.9741379310344828	E3.14K	C	75	0	74	0	0	1	0.9866666666666667
E3.14K	348	C	112	0	108	0	2	2	0.9642857142857143	E3.14K	C	77	0	73	0	0	4	0.948051948051948
E3.14K	349	A	111	94	0	0	15	2	0.8468468468468469	E3.14K	A	74	62	0	0	11	1	0.8378378378378378
E3.14K	350	C	118	0	106	0	7	5	0.8983050847457628	E3.14K	C	78	0	70	0	4	4	0.8974358974358975
E3.14K	351	A	98	84	13	1	0	0	0.8571428571428571	E3.14K	A	65	49	10	6	0	0	0.7538461538461538
E3.14K	352	A	116	108	0	7	0	1	0.9310344827586207	E3.14K	A	75	67	0	8	0	0	0.8933333333333333
E3.14K	353	G	114	0	0	114	0	0	1.0	E3.14K	G	75	1	0	74	0	0	0.9866666666666667
E3.14K	354	T	115	0	0	0	114	1	0.991304347826087	E3.14K	T	77	0	1	0	74	2	0.961038961038961
E3.14K	355	G	114	6	0	107	0	1	0.9385964912280702	E3.14K	G	78	1	0	73	0	4	0.9358974358974359
E3.14K	356	C	114	2	108	0	3	1	0.9473684210526315	E3.14K	C	76	0	70	0	3	3	0.9210526315789473
E3.14K	357	T	89	0	2	0	87	0	0.9775280898876404	E3.14K	T	66	1	1	0	64	0	0.9696969696969697
E3.14K	358	T	109	0	7	0	101	1	0.926605504587156	E3.14K	T	76	0	5	0	69	2	0.9078947368421053
E3.14K	359	T	114	0	5	0	108	1	0.9473684210526315	E3.14K	T	76	0	2	0	73	1	0.9605263157894737
E3.14K	360	G	115	0	0	113	0	2	0.9826086956521739	E3.14K	G	75	0	0	75	0	0	1.0
E3.14K	361	C	113	0	113	0	0	0	1.0	E3.14K	C	74	0	74	0	0	0	1.0
E3.14K	362	C	115	0	115	0	0	0	1.0	E3.14K	C	75	0	75	0	0	0	1.0
E3.14K	363	C	115	0	115	0	0	0	1.0	E3.14K	C	78	0	74	0	0	4	0.9487179487179487
E3.14K	364	G	117	3	1	109	1	3	0.9316239316239316	E3.14K	G	80	2	0	70	2	6	0.875
E3.14K	365	C	116	0	101	0	15	0	0.8706896551724138	E3.14K	C	74	0	68	0	6	0	0.918918918918919
E3.14K	366	G	117	0	0	116	0	1	0.9914529914529915	E3.14K	G	76	0	0	76	0	0	1.0
E3.14K	367	A	114	114	0	0	0	0	1.0	E3.14K	A	77	76	0	0	0	1	0.987012987012987
E3.14K	368	C	115	1	112	0	1	1	0.9739130434782609	E3.14K	C	72	0	72	0	0	0	1.0
E3.14K	369	T	111	12	1	0	98	0	0.8828828828828829	E3.14K	T	75	6	0	0	69	0	0.92
E3.14K	370	C	111	3	108	0	0	0	0.972972972972973	E3.14K	C	71	0	70	0	1	0	0.9859154929577465
E3.14K	371	C	117	0	116	0	0	1	0.9914529914529915	E3.14K	C	75	0	75	0	0	0	1.0
E3.14K	372	G	189	1	1	171	0	16	0.9047619047619048	E3.14K	G	99	0	1	91	0	7	0.9191919191919192
E3.14K	373	T	155	1	1	0	153	0	0.9870967741935484	E3.14K	T	73	0	3	0	70	0	0.958904109589041
E3.14K	374	T	211	1	6	1	203	0	0.9620853080568721	E3.14K	T	109	0	0	1	108	0	0.9908256880733946
E3.14K	375	T	227	4	0	0	223	0	0.9823788546255506	E3.14K	T	119	0	0	4	115	0	0.9663865546218487
E3.14K	376	C	225	2	210	0	13	0	0.9333333333333333	E3.14K	C	116	0	110	0	6	0	0.9482758620689655
E3.14K	377	A	206	198	4	0	4	0	0.9611650485436893	E3.14K	A	108	105	0	0	3	0	0.9722222222222222
E3.14K	378	A	239	226	0	0	13	0	0.9456066945606695	E3.14K	A	122	117	0	0	5	0	0.9590163934426229
E3.14K	379	C	197	1	148	0	48	0	0.751269035532995	E3.14K	C	106	0	87	1	18	0	0.8207547169811321
E3.14K	380	C	266	1	261	3	1	0	0.981203007518797	E3.14K	C	135	0	133	0	1	1	0.9851851851851852
E3.14K	381	C	271	7	257	7	0	0	0.948339483394834	E3.14K	C	137	0	134	3	0	0	0.9781021897810219
E3.14K	382	A	275	273	0	1	0	1	0.9927272727272727	E3.14K	A	140	139	0	1	0	0	0.9928571428571429
E3.14K	383	G	274	0	0	274	0	0	1.0	E3.14K	G	140	0	0	140	0	0	1.0
E3.14K	384	A	277	274	0	0	1	2	0.9891696750902527	E3.14K	A	140	140	0	0	0	0	1.0
E3.14K	385	C	274	1	272	0	1	0	0.9927007299270073	E3.14K	C	140	1	139	0	0	0	0.9928571428571429
E3.14K	386	G	276	10	0	263	2	1	0.9528985507246377	E3.14K	G	141	3	0	137	0	1	0.9716312056737588
E3.14K	387	G	272	0	0	272	0	0	1.0	E3.14K	G	137	1	1	135	0	0	0.9854014598540146
E3.14K	388	A	280	276	0	0	0	4	0.9857142857142858	E3.14K	A	138	137	0	0	0	1	0.9927536231884058
E3.14K	389	G	279	0	0	279	0	0	1.0	E3.14K	G	140	0	0	140	0	0	1.0
E3.14K	390	T	279	1	0	0	278	0	0.996415770609319	E3.14K	T	139	0	0	0	139	0	1.0
E3.14K	391	G	279	1	0	278	0	0	0.996415770609319	E3.14K	G	136	0	0	136	0	0	1.0
E3.14K	392	A	276	274	0	2	0	0	0.9927536231884058	E3.14K	A	135	135	0	0	0	0	1.0
E3.14K	393	G	299	0	0	283	0	16	0.9464882943143813	E3.14K	G	147	0	0	139	0	8	0.9455782312925171
E3.14K	394	T	272	0	0	0	272	0	1.0	E3.14K	T	134	0	0	2	132	0	0.9850746268656716
E3.14K	395	C	276	3	258	1	12	2	0.9347826086956522	E3.14K	C	136	0	130	2	2	2	0.9558823529411765
E3.14K	396	T	278	1	3	2	272	0	0.9784172661870504	E3.14K	T	137	0	0	0	137	0	1.0
E3.14K	397	A	278	277	1	0	0	0	0.9964028776978417	E3.14K	A	141	139	0	1	0	1	0.9858156028368794
E3.14K	398	C	286	1	278	0	4	3	0.972027972027972	E3.14K	C	142	0	139	0	1	2	0.9788732394366197
E3.14K	399	G	261	7	2	252	0	0	0.9655172413793104	E3.14K	G	131	4	1	126	0	0	0.9618320610687023
E3.14K	400	A	265	263	0	1	1	0	0.9924528301886792	E3.14K	A	133	133	0	0	0	0	1.0
E3.14K	401	G	280	0	0	280	0	0	1.0	E3.14K	G	140	0	0	140	0	0	1.0
E3.14K	402	A	285	285	0	0	0	0	1.0	E3.14K	A	141	141	0	0	0	0	1.0
E3.14K	403	G	281	0	0	281	0	0	1.0	E3.14K	G	140	0	0	140	0	0	1.0
E3.14K	404	A	284	280	1	0	1	2	0.9859154929577465	E3.14K	A	141	141	0	0	0	0	1.0
E3.14K	405	A	275	265	1	0	9	0	0.9636363636363636	E3.14K	A	140	133	1	0	4	2	0.95
E3.14K	406	C	272	0	272	0	0	0	1.0	E3.14K	C	138	0	138	0	0	0	1.0
E3.14K	407	C	243	0	241	0	2	0	0.9917695473251029	E3.14K	C	127	0	126	0	1	0	0.9921259842519685
E3.14K	408	T	245	8	3	0	230	4	0.9387755102040817	E3.14K	T	127	4	2	0	120	1	0.9448818897637795
E3.14K	409	C	263	0	252	0	11	0	0.9581749049429658	E3.14K	C	135	1	129	0	5	0	0.9555555555555556
E3.14K	410	T	284	21	3	0	257	3	0.9049295774647887	E3.14K	T	142	5	1	0	136	0	0.9577464788732394
E3.14K	411	C	271	1	268	0	2	0	0.988929889298893	E3.14K	C	137	1	136	0	0	0	0.9927007299270073
E3.14K	412	C	295	0	281	2	1	11	0.9525423728813559	E3.14K	C	149	1	142	0	0	6	0.9530201342281879
E3.14K	413	G	285	22	1	254	4	4	0.8912280701754386	E3.14K	G	139	9	0	124	6	0	0.8920863309352518
E3.14K	414	A	279	271	1	7	0	0	0.9713261648745519	E3.14K	A	142	136	2	4	0	0	0.9577464788732394
E3.14K	415	G	287	1	1	282	1	2	0.9825783972125436	E3.14K	G	147	1	0	141	0	5	0.9591836734693877
E3.14K	416	C	295	5	269	8	4	9	0.911864406779661	E3.14K	C	143	3	135	3	1	1	0.9440559440559441
E3.14K	417	T	293	4	15	0	265	9	0.9044368600682594	E3.14K	T	139	1	4	0	134	0	0.9640287769784173
E3.14K	418	C	289	1	285	0	0	3	0.986159169550173	E3.14K	C	144	0	142	0	0	2	0.9861111111111112
E3.14K	419	A	286	271	2	12	1	0	0.9475524475524476	E3.14K	A	143	137	3	2	1	0	0.958041958041958
E3.14K	420	G	280	4	0	275	1	0	0.9821428571428571	E3.14K	G	141	4	0	135	2	0	0.9574468085106383
E3.14K	421	C	283	9	274	0	0	0	0.9681978798586572	E3.14K	C	142	7	134	0	1	0	0.9436619718309859
E3.14K	422	T	271	3	0	0	268	0	0.988929889298893	E3.14K	T	137	0	0	0	137	0	1.0
E3.14K	423	A	289	279	2	1	1	6	0.9653979238754326	E3.14K	A	145	142	0	0	0	3	0.9793103448275862
E3.14K	424	C	278	0	270	0	8	0	0.9712230215827338	E3.14K	C	146	0	140	0	2	4	0.958904109589041
E3.14K	425	T	275	2	0	0	273	0	0.9927272727272727	E3.14K	T	144	1	0	0	141	2	0.9791666666666666
E3.14K	426	C	291	2	277	0	0	12	0.9518900343642611	E3.14K	C	149	0	142	0	0	7	0.9530201342281879
E3.14K	427	C	283	1	278	0	1	3	0.9823321554770318	E3.14K	C	142	0	140	0	1	1	0.9859154929577465
E3.14K	428	A	285	275	0	0	2	8	0.9649122807017544	E3.14K	A	140	138	1	0	1	0	0.9857142857142858
E3.14K	429	T	275	1	7	3	264	0	0.96	E3.14K	T	137	1	2	0	134	0	0.9781021897810219
E3.14K	430	C	284	1	281	1	0	1	0.9894366197183099	E3.14K	C	145	1	140	2	0	2	0.9655172413793104
E3.14K	431	A	287	286	0	1	0	0	0.9965156794425087	E3.14K	A	145	142	0	1	0	2	0.9793103448275862
E3.14K	432	G	290	4	0	280	0	6	0.9655172413793104	E3.14K	G	141	4	2	134	1	0	0.950354609929078
E3.14K	433	A	94	91	0	3	0	0	0.9680851063829787	E3.14K	A	46	41	1	3	1	0	0.8913043478260869
E3.14K	434	A	202	194	0	8	0	0	0.9603960396039604	E3.14K	A	106	101	0	5	0	0	0.9528301886792453
E3.14K	435	A	270	270	0	0	0	0	1.0	E3.14K	A	138	136	0	2	0	0	0.9855072463768116
E3.14K	436	A	278	277	0	0	1	0	0.9964028776978417	E3.14K	A	134	134	0	0	0	0	1.0
E3.14K	437	A	261	255	4	0	2	0	0.9770114942528736	E3.14K	A	128	125	3	0	0	0	0.9765625
E3.14K	438	A	242	233	4	0	5	0	0.9628099173553719	E3.14K	A	122	113	2	0	7	0	0.9262295081967213
E3.14K	439	C	242	0	236	0	5	1	0.9752066115702479	E3.14K	C	122	0	119	0	3	0	0.9754098360655737
E3.14K	440	A	253	224	0	0	29	0	0.8853754940711462	E3.14K	A	128	115	2	0	11	0	0.8984375
E3.14K	441	C	248	0	235	0	13	0	0.9475806451612904	E3.14K	C	127	1	121	0	5	0	0.952755905511811
E3.14K	442	C	276	1	273	0	2	0	0.9891304347826086	E3.14K	C	141	0	138	0	1	2	0.9787234042553191
E3.14K	443	A	273	247	0	0	26	0	0.9047619047619048	E3.14K	A	135	124	0	0	11	0	0.9185185185185185
E3.14K	444	C	185	2	168	0	15	0	0.9081081081081082	E3.14K	C	81	2	71	0	8	0	0.8765432098765432
E3.14K	445	C	231	4	216	0	11	0	0.935064935064935	E3.14K	C	112	2	102	0	8	0	0.9107142857142857
E3.14K	446	C	221	3	186	0	32	0	0.8416289592760181	E3.14K	C	115	7	87	0	20	1	0.7565217391304347
E3.14K	447	T	225	18	2	0	201	4	0.8933333333333333	E3.14K	T	111	12	3	0	96	0	0.8648648648648649
E3.14K	448	C	274	7	266	0	1	0	0.9708029197080292	E3.14K	C	140	2	137	0	1	0	0.9785714285714285
E3.14K	449	C	263	0	261	0	2	0	0.9923954372623575	E3.14K	C	135	1	133	0	1	0	0.9851851851851852
E3.14K	450	T	228	0	3	0	225	0	0.9868421052631579	E3.14K	T	122	1	2	0	119	0	0.9754098360655737
E3.14K	451	T	281	1	5	0	273	2	0.9715302491103203	E3.14K	T	145	1	2	0	140	2	0.9655172413793104
E3.14K	452	A	286	270	5	0	11	0	0.9440559440559441	E3.14K	A	144	140	2	0	2	0	0.9722222222222222
E3.14K	453	C	296	0	295	0	0	1	0.9966216216216216	E3.14K	C	147	0	146	0	0	1	0.9931972789115646
E3.14K	454	C	298	1	293	0	2	2	0.9832214765100671	E3.14K	C	149	1	147	0	0	1	0.9865771812080537
E3.14K	455	T	292	1	10	0	281	0	0.9623287671232876	E3.14K	T	147	1	4	1	141	0	0.9591836734693877
E3.14K	456	G	302	1	0	293	4	4	0.9701986754966887	E3.14K	G	148	2	0	144	0	2	0.972972972972973
E3.14K	457	C	302	0	293	0	5	4	0.9701986754966887	E3.14K	C	152	1	141	0	6	4	0.9276315789473685
E3.14K	458	C	318	2	297	0	2	17	0.9339622641509434	E3.14K	C	152	0	147	0	1	4	0.9671052631578947
E3.14K	459	G	293	28	0	257	8	0	0.8771331058020477	E3.14K	G	144	14	0	125	5	0	0.8680555555555556
E3.14K	460	G	303	4	0	298	1	0	0.9834983498349835	E3.14K	G	148	2	0	146	0	0	0.9864864864864865
E3.14K	461	G	309	3	0	300	1	5	0.970873786407767	E3.14K	G	148	0	0	148	0	0	1.0
E3.14K	462	A	301	301	0	0	0	0	1.0	E3.14K	A	149	149	0	0	0	0	1.0
E3.14K	463	A	303	301	0	0	2	0	0.9933993399339934	E3.14K	A	152	150	0	0	1	1	0.9868421052631579
E3.14K	464	C	306	0	302	0	2	2	0.9869281045751634	E3.14K	C	150	0	149	1	0	0	0.9933333333333333
E3.14K	465	G	334	1	2	298	1	32	0.8922155688622755	E3.14K	G	168	0	2	149	0	17	0.8869047619047619
E3.14K	466	T	297	2	13	1	275	6	0.9259259259259259	E3.14K	T	155	2	2	0	143	8	0.9225806451612903
E3.14K	467	A	303	286	7	1	6	3	0.9438943894389439	E3.14K	A	144	135	6	0	3	0	0.9375
E3.14K	468	C	310	0	298	0	5	7	0.9612903225806452	E3.14K	C	153	0	146	1	3	3	0.954248366013072
E3.14K	469	G	296	13	4	279	0	0	0.9425675675675675	E3.14K	G	147	10	3	134	0	0	0.9115646258503401
E3.14K	470	A	303	302	0	1	0	0	0.9966996699669967	E3.14K	A	148	146	0	2	0	0	0.9864864864864865
E3.14K	471	G	311	0	0	306	0	5	0.9839228295819936	E3.14K	G	151	0	0	151	0	0	1.0
E3.14K	472	T	320	0	0	0	305	15	0.953125	E3.14K	T	152	0	0	0	151	1	0.993421052631579
E3.14K	473	G	308	1	0	303	0	4	0.9837662337662337	E3.14K	G	151	2	0	148	0	1	0.9801324503311258
E3.14K	474	C	304	0	303	0	1	0	0.9967105263157895	E3.14K	C	150	0	146	0	4	0	0.9733333333333334
E3.14K	475	G	313	0	0	303	1	9	0.9680511182108626	E3.14K	G	155	0	0	151	0	4	0.9741935483870968
E3.14K	476	T	294	0	2	0	292	0	0.9931972789115646	E3.14K	T	144	0	2	0	142	0	0.9861111111111112
E3.14K	477	C	287	0	287	0	0	0	1.0	E3.14K	C	141	0	140	0	1	0	0.9929078014184397
E3.14K	478	A	294	274	2	1	17	0	0.9319727891156463	E3.14K	A	138	130	1	2	5	0	0.9420289855072463
E3.14K	479	C	305	0	298	0	6	1	0.9770491803278688	E3.14K	C	150	0	144	0	6	0	0.96
E3.14K	480	C	309	0	302	0	2	5	0.9773462783171522	E3.14K	C	153	0	150	0	2	1	0.9803921568627451
E3.14K	481	G	304	3	0	297	4	0	0.9769736842105263	E3.14K	G	154	5	0	145	2	2	0.9415584415584416
E3.14K	482	G	305	0	0	302	2	1	0.9901639344262295	E3.14K	G	151	1	0	150	0	0	0.9933774834437086
E3.14K	483	C	304	0	301	1	0	2	0.9901315789473685	E3.14K	C	149	0	147	1	1	0	0.9865771812080537
E3.14K	484	C	307	0	300	0	2	5	0.9771986970684039	E3.14K	C	155	0	150	0	2	3	0.967741935483871
E3.14K	485	G	302	20	0	281	0	1	0.9304635761589404	E3.14K	G	154	9	0	141	2	2	0.9155844155844156
E3.14K	486	C	302	3	252	0	46	1	0.8344370860927153	E3.14K	C	144	0	106	0	38	0	0.7361111111111112
E3.14K	487	T	308	1	1	1	300	5	0.974025974025974	E3.14K	T	155	1	0	1	150	3	0.967741935483871
E3.14K	488	G	328	0	2	302	0	24	0.9207317073170732	E3.14K	G	161	0	1	149	0	11	0.9254658385093167
E3.14K	489	C	253	0	245	1	7	0	0.9683794466403162	E3.14K	C	126	0	123	1	2	0	0.9761904761904762
E3.14K	490	A	262	218	17	2	25	0	0.8320610687022901	E3.14K	A	136	107	8	1	20	0	0.7867647058823529
E3.14K	491	C	304	0	263	0	22	19	0.8651315789473685	E3.14K	C	142	0	126	1	12	3	0.8873239436619719
E3.14K	492	C	270	0	258	0	12	0	0.9555555555555556	E3.14K	C	131	0	125	0	6	0	0.9541984732824428
E3.14K	493	A	257	209	2	0	46	0	0.8132295719844358	E3.14K	A	125	103	3	0	19	0	0.824
E3.14K	494	C	310	0	280	0	20	10	0.9032258064516129	E3.14K	C	155	0	143	0	8	4	0.9225806451612903
E3.14K	495	A	288	236	9	0	43	0	0.8194444444444444	E3.14K	A	137	120	4	0	13	0	0.8759124087591241
E3.14K	496	C	302	0	302	0	0	0	1.0	E3.14K	C	152	0	149	0	3	0	0.9802631578947368
E3.14K	497	C	304	0	302	0	2	0	0.993421052631579	E3.14K	C	148	0	144	0	4	0	0.972972972972973
E3.14K	498	T	296	1	2	0	293	0	0.9898648648648649	E3.14K	T	143	0	1	0	142	0	0.993006993006993
E3.14K	499	A	284	275	6	0	3	0	0.9683098591549296	E3.14K	A	141	133	3	0	5	0	0.9432624113475178
E3.14K	500	C	290	0	284	1	5	0	0.9793103448275862	E3.14K	C	147	0	144	0	3	0	0.9795918367346939
E3.14K	501	C	305	1	293	0	2	9	0.9606557377049181	E3.14K	C	153	0	146	1	0	6	0.954248366013072
E3.14K	502	G	299	3	1	289	6	0	0.9665551839464883	E3.14K	G	150	4	1	141	2	2	0.94
E3.14K	503	C	306	1	303	0	2	0	0.9901960784313726	E3.14K	C	152	0	151	0	1	0	0.993421052631579
E3.14K	504	C	313	0	306	1	0	6	0.9776357827476039	E3.14K	C	152	0	151	1	0	0	0.993421052631579
E3.14K	505	T	308	8	0	0	299	1	0.9707792207792207	E3.14K	T	154	4	1	0	148	1	0.961038961038961
E3.14K	506	G	306	0	0	306	0	0	1.0	E3.14K	G	157	0	0	154	0	3	0.9808917197452229
E3.14K	507	A	304	303	0	1	0	0	0.9967105263157895	E3.14K	A	151	150	1	0	0	0	0.9933774834437086
E3.14K	508	C	314	0	304	2	2	6	0.9681528662420382	E3.14K	C	150	1	146	0	3	0	0.9733333333333334
E3.14K	509	C	315	0	305	1	3	6	0.9682539682539683	E3.14K	C	154	0	151	0	2	1	0.9805194805194806
E3.14K	510	G	305	2	0	303	0	0	0.9934426229508196	E3.14K	G	152	1	0	151	0	0	0.993421052631579
E3.14K	511	T	303	0	5	0	298	0	0.9834983498349835	E3.14K	T	156	0	0	0	152	4	0.9743589743589743
E3.14K	512	A	302	300	0	1	1	0	0.9933774834437086	E3.14K	A	151	151	0	0	0	0	1.0
E3.14K	513	A	308	304	0	0	2	2	0.987012987012987	E3.14K	A	154	153	0	0	1	0	0.9935064935064936
E3.14K	514	A	312	307	0	1	2	2	0.9839743589743589	E3.14K	A	155	154	0	1	0	0	0.9935483870967742
E3.14K	515	C	308	0	306	0	2	0	0.9935064935064936	E3.14K	C	157	0	154	0	1	2	0.9808917197452229
E3.14K	516	C	311	4	307	0	0	0	0.9871382636655949	E3.14K	C	155	4	151	0	0	0	0.9741935483870968
E3.14K	517	A	312	301	0	11	0	0	0.9647435897435898	E3.14K	A	156	154	0	1	0	1	0.9871794871794872
E3.14K	518	G	313	0	0	312	0	1	0.9968051118210862	E3.14K	G	154	0	0	154	0	0	1.0
E3.14K	519	A	312	310	0	0	0	2	0.9935897435897436	E3.14K	A	156	154	0	0	1	1	0.9871794871794872
E3.14K	520	C	305	1	301	0	2	1	0.9868852459016394	E3.14K	C	150	0	149	0	1	0	0.9933333333333333
E3.14K	521	T	154	0	1	0	153	0	0.9935064935064936	E3.14K	T	70	0	0	0	70	0	1.0
E3.14K	522	T	242	0	10	0	224	8	0.9256198347107438	E3.14K	T	126	0	1	0	125	0	0.9920634920634921
E3.14K	523	T	307	0	18	0	281	8	0.9153094462540716	E3.14K	T	152	0	7	0	144	1	0.9473684210526315
E3.14K	524	T	310	0	27	0	277	6	0.8935483870967742	E3.14K	T	151	1	12	0	138	0	0.9139072847682119
E3.14K	525	T	309	9	5	0	295	0	0.9546925566343042	E3.14K	T	148	3	1	0	144	0	0.972972972972973
E3.14K	526	C	313	0	304	0	5	4	0.9712460063897763	E3.14K	C	143	0	141	0	2	0	0.986013986013986
E3.14K	527	C	314	1	310	0	1	2	0.9872611464968153	E3.14K	C	159	0	155	0	0	4	0.9748427672955975
E3.14K	528	G	310	57	0	252	1	0	0.8129032258064516	E3.14K	G	156	36	0	120	0	0	0.7692307692307693
E3.14K	529	G	313	1	0	310	0	2	0.9904153354632588	E3.14K	G	157	0	0	157	0	0	1.0
E3.14K	530	A	310	303	1	1	5	0	0.9774193548387097	E3.14K	A	157	157	0	0	0	0	1.0
E3.14K	531	C	309	0	309	0	0	0	1.0	E3.14K	C	158	0	157	0	0	1	0.9936708860759493
E3.14K	532	A	311	307	0	3	1	0	0.9871382636655949	E3.14K	A	157	156	0	1	0	0	0.9936305732484076
E3.14K	533	G	315	0	0	313	0	2	0.9936507936507937	E3.14K	G	157	0	0	157	0	0	1.0
E3.14K	534	A	318	301	1	0	8	8	0.9465408805031447	E3.14K	A	158	155	0	0	2	1	0.9810126582278481
E3.14K	535	C	313	0	309	0	1	3	0.987220447284345	E3.14K	C	156	1	155	0	0	0	0.9935897435897436
E3.14K	536	C	310	5	300	0	3	2	0.967741935483871	E3.14K	C	154	2	152	0	0	0	0.987012987012987
E3.14K	537	T	303	0	7	2	294	0	0.9702970297029703	E3.14K	T	150	1	2	0	147	0	0.98
E3.14K	538	C	320	4	307	0	0	9	0.959375	E3.14K	C	156	0	154	0	1	1	0.9871794871794872
E3.14K	539	A	305	304	0	0	1	0	0.9967213114754099	E3.14K	A	159	153	1	0	2	3	0.9622641509433962
E3.14K	540	A	310	304	0	2	0	4	0.9806451612903225	E3.14K	A	154	152	0	2	0	0	0.987012987012987
E3.14K	541	T	305	0	4	0	300	1	0.9836065573770492	E3.14K	T	155	0	3	1	149	2	0.9612903225806452
E3.14K	542	A	308	306	0	0	1	1	0.9935064935064936	E3.14K	A	156	155	1	0	0	0	0.9935897435897436
E3.14K	543	A	315	309	0	0	2	4	0.9809523809523809	E3.14K	A	156	156	0	0	0	0	1.0
E3.14K	544	C	297	0	295	0	2	0	0.9932659932659933	E3.14K	C	149	0	147	0	2	0	0.9865771812080537
E3.14K	545	T	298	4	0	0	292	2	0.9798657718120806	E3.14K	T	147	1	0	0	146	0	0.9931972789115646
E3.14K	546	C	312	2	294	3	10	3	0.9423076923076923	E3.14K	C	152	0	149	0	3	0	0.9802631578947368
E3.14K	547	T	305	3	3	0	299	0	0.980327868852459	E3.14K	T	154	0	0	0	154	0	1.0
E3.14K	548	G	315	7	2	296	0	10	0.9396825396825397	E3.14K	G	166	0	1	155	0	10	0.9337349397590361
E3.14K	549	T	287	7	1	0	279	0	0.9721254355400697	E3.14K	T	146	1	1	0	144	0	0.9863013698630136
E3.14K	550	T	311	11	22	2	261	15	0.8392282958199357	E3.14K	T	156	6	10	0	136	4	0.8717948717948718
E3.14K	551	T	315	5	13	0	289	8	0.9174603174603174	E3.14K	T	160	3	15	0	138	4	0.8625
E3.14K	552	A	288	272	1	1	14	0	0.9444444444444444	E3.14K	A	151	144	0	1	5	1	0.9536423841059603
E3.14K	553	C	320	1	305	0	4	10	0.953125	E3.14K	C	153	0	150	1	2	0	0.9803921568627451
E3.14K	554	C	317	0	314	0	0	3	0.9905362776025236	E3.14K	C	156	0	156	0	0	0	1.0
E3.14K	555	A	318	306	1	8	0	3	0.9622641509433962	E3.14K	A	157	153	0	4	0	0	0.9745222929936306
E3.14K	556	G	320	0	0	315	0	5	0.984375	E3.14K	G	158	0	0	157	0	1	0.9936708860759493
E3.14K	557	A	308	303	0	1	4	0	0.9837662337662337	E3.14K	A	157	155	0	0	2	0	0.9872611464968153
E3.14K	558	A	314	309	1	0	3	1	0.9840764331210191	E3.14K	A	159	154	5	0	0	0	0.9685534591194969
E3.14K	559	C	320	2	305	0	7	6	0.953125	E3.14K	C	157	0	153	0	4	0	0.9745222929936306
E3.14K	560	A	231	223	1	3	4	0	0.9653679653679653	E3.14K	A	115	112	1	1	1	0	0.9739130434782609
E3.14K	561	G	238	1	0	231	6	0	0.9705882352941176	E3.14K	G	113	2	1	110	0	0	0.9734513274336283
E3.14K	562	G	238	0	0	237	1	0	0.9957983193277311	E3.14K	G	111	0	1	107	3	0	0.963963963963964
E3.14K	563	A	287	286	0	0	1	0	0.9965156794425087	E3.14K	A	144	143	0	0	1	0	0.9930555555555556
E3.14K	564	G	286	0	2	284	0	0	0.993006993006993	E3.14K	G	148	2	1	142	3	0	0.9594594594594594
E3.14K	565	G	279	0	0	279	0	0	1.0	E3.14K	G	142	0	0	142	0	0	1.0
E3.14K	566	A	269	269	0	0	0	0	1.0	E3.14K	A	135	134	0	0	1	0	0.9925925925925926
E3.14K	567	G	263	0	0	263	0	0	1.0	E3.14K	G	130	1	0	128	1	0	0.9846153846153847
E3.14K	568	G	267	0	1	257	5	4	0.9625468164794008	E3.14K	G	130	2	3	125	0	0	0.9615384615384616
E3.14K	569	A	269	265	0	0	0	4	0.9851301115241635	E3.14K	A	138	136	0	0	0	2	0.9855072463768116
E3.14K	570	G	270	0	0	269	1	0	0.9962962962962963	E3.14K	G	139	0	0	138	1	0	0.9928057553956835
E3.14K	571	A	269	269	0	0	0	0	1.0	E3.14K	A	140	139	0	0	1	0	0.9928571428571429
E3.14K	572	T	270	2	1	0	265	2	0.9814814814814815	E3.14K	T	139	0	0	0	139	0	1.0
E3.14K	573	G	270	2	0	267	0	1	0.9888888888888889	E3.14K	G	138	0	0	138	0	0	1.0
E3.14K	574	A	263	262	0	0	1	0	0.9961977186311787	E3.14K	A	136	135	0	1	0	0	0.9926470588235294
E3.14K	575	C	270	0	245	3	21	1	0.9074074074074074	E3.14K	C	139	0	118	1	20	0	0.8489208633093526
E3.14K	576	T	272	0	0	0	269	3	0.9889705882352942	E3.14K	T	141	0	1	0	139	1	0.9858156028368794
E3.14K	577	G	271	0	0	269	0	2	0.992619926199262	E3.14K	G	143	0	0	140	0	3	0.9790209790209791
E3.14K	578	A	244	244	0	0	0	0	1.0	E3.14K	A	124	122	0	1	1	0	0.9838709677419355
E3.14K	579	C	244	0	240	0	2	2	0.9836065573770492	E3.14K	C	125	0	122	0	2	1	0.976
E3.14K	580	A	266	260	2	0	4	0	0.9774436090225563	E3.14K	A	139	133	1	1	4	0	0.9568345323741008
E3.14K	581	C	238	1	234	1	2	0	0.9831932773109243	E3.14K	C	121	0	119	0	2	0	0.9834710743801653
E3.14K	582	C	274	0	268	0	1	5	0.9781021897810219	E3.14K	C	141	0	139	0	1	1	0.9858156028368794
E3.14K	583	C	270	3	263	0	1	3	0.9740740740740741	E3.14K	C	140	0	137	0	3	0	0.9785714285714285
E3.14K	584	T	262	35	3	1	223	0	0.851145038167939	E3.14K	T	137	16	3	0	118	0	0.8613138686131386
E3.14K	585	A	269	257	1	9	1	1	0.9553903345724907	E3.14K	A	140	136	0	4	0	0	0.9714285714285714
E3.14K	586	G	268	2	0	266	0	0	0.9925373134328358	E3.14K	G	141	0	0	141	0	0	1.0
E3.14K	587	A	270	267	0	0	1	2	0.9888888888888889	E3.14K	A	145	141	0	0	0	4	0.9724137931034482
E3.14K	588	T	281	0	0	0	268	13	0.9537366548042705	E3.14K	T	142	1	0	0	140	1	0.9859154929577465
E3.14K	589	C	271	1	251	0	15	4	0.9261992619926199	E3.14K	C	144	0	133	0	7	4	0.9236111111111112
E3.14K	590	T	271	19	1	1	246	4	0.9077490774907749	E3.14K	T	139	10	0	0	129	0	0.9280575539568345
E3.14K	591	A	267	262	0	5	0	0	0.9812734082397003	E3.14K	A	140	136	0	4	0	0	0.9714285714285714
E3.14K	592	G	275	2	0	267	0	6	0.9709090909090909	E3.14K	G	144	0	0	141	0	3	0.9791666666666666
E3.14K	593	A	259	257	0	2	0	0	0.9922779922779923	E3.14K	A	138	137	0	1	0	0	0.9927536231884058
E3.14K	594	A	268	268	0	0	0	0	1.0	E3.14K	A	141	141	0	0	0	0	1.0
E3.14K	595	A	271	267	0	1	0	3	0.985239852398524	E3.14K	A	141	140	0	0	1	0	0.9929078014184397
E3.14K	596	T	269	0	0	0	268	1	0.9962825278810409	E3.14K	T	141	0	0	0	140	1	0.9929078014184397
E3.14K	597	G	265	10	0	255	0	0	0.9622641509433962	E3.14K	G	140	4	0	136	0	0	0.9714285714285714
E3.14K	598	G	269	0	0	266	2	1	0.9888475836431226	E3.14K	G	142	0	0	141	0	1	0.9929577464788732
E3.14K	599	A	270	268	0	0	0	2	0.9925925925925926	E3.14K	A	140	140	0	0	0	0	1.0
E3.14K	600	C	272	1	263	0	4	4	0.9669117647058824	E3.14K	C	141	0	140	0	0	1	0.9929078014184397
E3.14K	601	G	270	12	0	256	0	2	0.9481481481481482	E3.14K	G	142	3	0	137	1	1	0.9647887323943662
E3.14K	602	G	272	2	0	266	0	4	0.9779411764705882	E3.14K	G	144	1	0	140	0	3	0.9722222222222222
E3.14K	603	A	265	265	0	0	0	0	1.0	E3.14K	A	140	140	0	0	0	0	1.0
E3.14K	604	A	265	264	1	0	0	0	0.9962264150943396	E3.14K	A	142	140	0	0	0	2	0.9859154929577465
E3.14K	605	T	245	1	1	0	243	0	0.9918367346938776	E3.14K	T	132	0	1	0	131	0	0.9924242424242424
E3.14K	606	T	279	5	3	1	258	12	0.9247311827956989	E3.14K	T	148	0	1	0	140	7	0.9459459459459459
E3.14K	607	A	276	269	0	0	0	7	0.9746376811594203	E3.14K	A	146	141	0	0	0	5	0.9657534246575342
E3.14K	608	T	250	7	13	0	230	0	0.92	E3.14K	T	134	3	7	0	124	0	0.9253731343283582
E3.14K	609	T	255	4	10	0	238	3	0.9333333333333333	E3.14K	T	134	1	5	0	128	0	0.9552238805970149
E3.14K	610	A	259	254	1	2	2	0	0.9806949806949807	E3.14K	A	131	130	0	0	1	0	0.9923664122137404
E3.14K	611	C	268	1	263	2	1	1	0.9813432835820896	E3.14K	C	145	0	141	0	0	4	0.9724137931034482
E3.14K	612	A	270	269	0	1	0	0	0.9962962962962963	E3.14K	A	141	140	0	1	0	0	0.9929078014184397
E3.14K	613	G	274	0	1	269	0	4	0.9817518248175182	E3.14K	G	140	1	0	139	0	0	0.9928571428571429
E3.14K	614	A	261	261	0	0	0	0	1.0	E3.14K	A	138	137	0	1	0	0	0.9927536231884058
E3.14K	615	G	258	2	0	254	2	0	0.9844961240310077	E3.14K	G	138	0	0	138	0	0	1.0
E3.14K	616	C	260	3	254	1	2	0	0.9769230769230769	E3.14K	C	137	0	137	0	0	0	1.0
E3.14K	617	A	272	269	0	0	1	2	0.9889705882352942	E3.14K	A	141	139	0	0	2	0	0.9858156028368794
E3.14K	618	G	267	1	0	266	0	0	0.9962546816479401	E3.14K	G	140	0	0	140	0	0	1.0
E3.14K	619	C	265	1	262	1	1	0	0.9886792452830189	E3.14K	C	139	1	138	0	0	0	0.9928057553956835
E3.14K	620	G	277	3	1	265	0	8	0.9566787003610109	E3.14K	G	143	2	1	137	0	3	0.958041958041958
E3.14K	621	C	269	0	269	0	0	0	1.0	E3.14K	C	138	0	138	0	0	0	1.0
E3.14K	622	C	266	0	266	0	0	0	1.0	E3.14K	C	139	0	139	0	0	0	1.0
E3.14K	623	T	271	5	0	2	259	5	0.955719557195572	E3.14K	T	144	3	0	0	138	3	0.9583333333333334
E3.14K	624	G	275	2	0	263	0	10	0.9563636363636364	E3.14K	G	143	3	0	138	0	2	0.965034965034965
E3.14K	625	C	273	1	260	0	6	6	0.9523809523809523	E3.14K	C	142	1	135	0	5	1	0.9507042253521126
E3.14K	626	T	270	12	47	2	205	4	0.7592592592592593	E3.14K	T	150	12	27	1	100	10	0.6666666666666666
E3.14K	627	A	268	265	1	1	1	0	0.9888059701492538	E3.14K	A	137	137	0	0	0	0	1.0
E3.14K	628	G	278	1	0	268	1	8	0.9640287769784173	E3.14K	G	141	0	1	139	0	1	0.9858156028368794
E3.14K	629	A	260	258	0	2	0	0	0.9923076923076923	E3.14K	A	133	133	0	0	0	0	1.0
E3.14K	630	A	269	264	1	1	1	2	0.9814126394052045	E3.14K	A	140	136	0	0	2	2	0.9714285714285714
E3.14K	631	A	273	266	0	3	1	3	0.9743589743589743	E3.14K	A	142	136	0	5	0	1	0.9577464788732394
E3.14K	632	G	270	0	0	270	0	0	1.0	E3.14K	G	141	0	0	141	0	0	1.0
E3.14K	633	A	269	265	0	1	3	0	0.9851301115241635	E3.14K	A	141	140	0	0	1	0	0.9929078014184397
E3.14K	634	C	260	0	251	0	9	0	0.9653846153846154	E3.14K	C	136	1	128	0	7	0	0.9411764705882353
E3.14K	635	G	256	0	1	254	1	0	0.9921875	E3.14K	G	135	0	0	134	0	1	0.9925925925925926
E3.14K	636	C	267	1	263	1	1	1	0.9850187265917603	E3.14K	C	142	0	140	0	1	1	0.9859154929577465
E3.14K	637	A	258	252	0	4	2	0	0.9767441860465116	E3.14K	A	136	136	0	0	0	0	1.0
E3.14K	638	G	253	0	0	252	1	0	0.9960474308300395	E3.14K	G	132	0	0	132	0	0	1.0
E3.14K	639	G	271	0	0	269	1	1	0.992619926199262	E3.14K	G	140	0	0	140	0	0	1.0
E3.14K	640	G	270	0	0	270	0	0	1.0	E3.14K	G	140	0	0	140	0	0	1.0
E3.14K	641	C	270	0	267	1	0	2	0.9888888888888889	E3.14K	C	143	0	140	0	0	3	0.9790209790209791
E3.14K	642	A	271	257	0	6	6	2	0.948339483394834	E3.14K	A	141	132	0	6	2	1	0.9361702127659575
E3.14K	643	G	263	0	0	262	1	0	0.9961977186311787	E3.14K	G	139	0	0	139	0	0	1.0
E3.14K	644	C	268	2	256	1	5	4	0.9552238805970149	E3.14K	C	142	0	135	1	3	3	0.9507042253521126
E3.14K	645	G	248	22	0	219	7	0	0.8830645161290323	E3.14K	G	136	22	0	113	1	0	0.8308823529411765
E3.14K	646	G	267	6	0	261	0	0	0.9775280898876404	E3.14K	G	141	5	0	136	0	0	0.9645390070921985
E3.14K	647	C	259	5	242	0	12	0	0.9343629343629344	E3.14K	C	134	2	126	0	6	0	0.9402985074626866
E3.14K	648	C	268	3	253	0	12	0	0.9440298507462687	E3.14K	C	140	1	134	2	3	0	0.9571428571428572
E3.14K	649	G	266	0	2	262	2	0	0.9849624060150376	E3.14K	G	139	2	0	135	2	0	0.9712230215827338
E3.14K	650	A	267	265	0	1	1	0	0.9925093632958801	E3.14K	A	137	136	0	0	1	0	0.9927007299270073
E3.14K	651	G	268	2	0	265	0	1	0.9888059701492538	E3.14K	G	142	0	0	141	0	1	0.9929577464788732
E3.14K	652	C	262	0	259	1	2	0	0.9885496183206107	E3.14K	C	139	0	138	0	1	0	0.9928057553956835
E3.14K	653	A	262	261	1	0	0	0	0.9961832061068703	E3.14K	A	139	138	1	0	0	0	0.9928057553956835
E3.14K	654	A	264	261	1	1	1	0	0.9886363636363636	E3.14K	A	140	139	0	1	0	0	0.9928571428571429
E3.14K	655	C	270	0	269	0	0	1	0.9962962962962963	E3.14K	C	142	0	140	1	0	1	0.9859154929577465
E3.14K	656	A	271	264	1	3	1	2	0.974169741697417	E3.14K	A	140	138	0	2	0	0	0.9857142857142858
E3.14K	657	G	262	3	0	258	1	0	0.9847328244274809	E3.14K	G	138	0	0	137	1	0	0.9927536231884058
E3.14K	658	C	265	1	259	0	3	2	0.9773584905660377	E3.14K	C	137	0	134	1	2	0	0.9781021897810219
E3.14K	659	G	273	6	0	258	1	8	0.945054945054945	E3.14K	G	132	1	0	130	1	0	0.9848484848484849
E3.14K	660	C	272	5	257	1	4	5	0.9448529411764706	E3.14K	C	143	10	128	1	2	2	0.8951048951048951
E3.14K	661	A	244	234	1	6	3	0	0.9590163934426229	E3.14K	A	135	128	1	3	3	0	0.9481481481481482
E3.14K	662	T	262	0	18	1	236	7	0.9007633587786259	E3.14K	T	143	0	5	0	134	4	0.9370629370629371
E3.14K	663	G	269	3	0	264	1	1	0.9814126394052045	E3.14K	G	145	0	0	141	0	4	0.9724137931034482
E3.14K	664	A	271	265	3	1	0	2	0.977859778597786	E3.14K	A	140	138	0	1	1	0	0.9857142857142858
E3.14K	665	A	274	267	1	1	1	4	0.9744525547445255	E3.14K	A	145	139	1	0	0	5	0.9586206896551724
E3.14K	666	T	284	1	1	0	268	14	0.9436619718309859	E3.14K	T	142	2	1	0	136	3	0.9577464788732394
E3.14K	667	C	267	0	260	0	3	4	0.9737827715355806	E3.14K	C	137	0	133	0	1	3	0.9708029197080292
E3.14K	668	A	260	247	2	3	8	0	0.95	E3.14K	A	138	134	2	0	2	0	0.9710144927536232
E3.14K	669	A	271	269	0	0	1	1	0.992619926199262	E3.14K	A	141	138	0	1	2	0	0.9787234042553191
E3.14K	670	G	271	0	0	270	0	1	0.996309963099631	E3.14K	G	141	0	1	140	0	0	0.9929078014184397
E3.14K	671	A	270	270	0	0	0	0	1.0	E3.14K	A	139	138	1	0	0	0	0.9928057553956835
E3.14K	672	G	264	2	0	261	1	0	0.9886363636363636	E3.14K	G	141	0	0	139	0	2	0.9858156028368794
E3.14K	673	C	287	4	264	0	2	17	0.9198606271777003	E3.14K	C	143	1	137	0	1	4	0.958041958041958
E3.14K	674	T	271	5	0	0	265	1	0.977859778597786	E3.14K	T	141	1	0	0	140	0	0.9929078014184397
E3.14K	675	C	262	2	257	0	3	0	0.9809160305343512	E3.14K	C	133	2	128	0	3	0	0.9624060150375939
E3.14K	676	C	270	1	259	0	0	10	0.9592592592592593	E3.14K	C	149	2	136	0	0	11	0.912751677852349
E3.14K	677	A	247	231	13	0	3	0	0.9352226720647774	E3.14K	A	130	114	11	1	4	0	0.8769230769230769
E3.14K	678	A	272	263	1	5	1	2	0.9669117647058824	E3.14K	A	141	139	0	2	0	0	0.9858156028368794
E3.14K	679	G	273	1	0	269	0	3	0.9853479853479854	E3.14K	G	141	0	0	140	1	0	0.9929078014184397
E3.14K	680	A	293	264	0	1	2	26	0.9010238907849829	E3.14K	A	146	138	0	0	2	6	0.9452054794520548
E3.14K	681	C	274	0	265	1	4	4	0.9671532846715328	E3.14K	C	140	0	139	0	1	0	0.9928571428571429
E3.14K	682	A	276	240	6	0	19	11	0.8695652173913043	E3.14K	A	140	125	2	0	11	2	0.8928571428571429
E3.14K	683	T	272	1	6	0	261	4	0.9595588235294118	E3.14K	T	143	1	4	0	135	3	0.9440559440559441
E3.14K	684	G	268	17	2	244	4	1	0.9104477611940298	E3.14K	G	140	2	0	135	3	0	0.9642857142857143
E3.14K	685	G	269	3	0	265	0	1	0.9851301115241635	E3.14K	G	141	3	0	138	0	0	0.9787234042553191
E3.14K	686	T	267	2	4	2	259	0	0.9700374531835206	E3.14K	T	139	1	0	0	138	0	0.9928057553956835
E3.14K	687	T	274	0	3	1	264	6	0.9635036496350365	E3.14K	T	145	1	1	0	139	4	0.9586206896551724
E3.14K	688	A	265	263	0	1	1	0	0.9924528301886792	E3.14K	A	138	138	0	0	0	0	1.0
E3.14K	689	A	265	247	0	0	18	0	0.9320754716981132	E3.14K	A	136	129	0	0	7	0	0.9485294117647058
E3.14K	690	C	271	0	245	1	17	8	0.9040590405904059	E3.14K	C	139	0	131	0	5	3	0.9424460431654677
E3.14K	691	T	265	1	5	2	255	2	0.9622641509433962	E3.14K	T	139	0	1	0	137	1	0.9856115107913669
E3.14K	692	T	288	2	2	3	263	18	0.9131944444444444	E3.14K	T	152	0	1	4	136	11	0.8947368421052632
E3.14K	693	G	289	10	0	255	3	21	0.8823529411764706	E3.14K	G	148	1	1	138	1	7	0.9324324324324325
E3.14K	694	C	259	3	236	3	17	0	0.9111969111969112	E3.14K	C	144	0	127	6	6	5	0.8819444444444444
E3.14K	695	A	264	234	3	3	20	4	0.8863636363636364	E3.14K	A	135	126	0	1	8	0	0.9333333333333333
E3.14K	696	C	266	0	252	1	11	2	0.9473684210526315	E3.14K	C	138	1	132	0	5	0	0.9565217391304348
E3.14K	697	C	274	22	242	4	1	5	0.8832116788321168	E3.14K	C	142	11	128	1	0	2	0.9014084507042254
E3.14K	698	A	277	233	0	36	1	7	0.8411552346570397	E3.14K	A	146	118	0	23	0	5	0.8082191780821918
E3.14K	699	G	271	0	0	270	0	1	0.996309963099631	E3.14K	G	141	0	0	141	0	0	1.0
E3.14K	700	T	269	0	0	0	269	0	1.0	E3.14K	T	142	0	1	0	140	1	0.9859154929577465
E3.14K	701	G	265	0	0	265	0	0	1.0	E3.14K	G	140	0	0	140	0	0	1.0
E3.14K	702	C	274	0	261	0	2	11	0.9525547445255474	E3.14K	C	144	0	140	0	0	4	0.9722222222222222
E3.14K	703	A	224	218	1	0	5	0	0.9732142857142857	E3.14K	A	123	121	0	0	2	0	0.983739837398374
E3.14K	704	A	261	258	0	3	0	0	0.9885057471264368	E3.14K	A	136	134	0	2	0	0	0.9852941176470589
E3.14K	705	A	257	254	0	1	2	0	0.9883268482490273	E3.14K	A	138	138	0	0	0	0	1.0
E3.14K	706	A	202	193	0	5	4	0	0.9554455445544554	E3.14K	A	101	101	0	0	0	0	1.0
E3.14K	707	G	118	17	0	99	2	0	0.8389830508474576	E3.14K	G	49	1	0	46	2	0	0.9387755102040817
E3.14K	708	G	232	9	0	223	0	0	0.9612068965517241	E3.14K	G	112	10	0	102	0	0	0.9107142857142857
E3.14K	709	G	267	2	0	261	3	1	0.9775280898876404	E3.14K	G	142	1	0	140	0	1	0.9859154929577465
E3.14K	710	G	268	2	0	264	2	0	0.9850746268656716	E3.14K	G	143	0	0	139	2	2	0.972027972027972
E3.14K	711	T	264	1	2	2	259	0	0.9810606060606061	E3.14K	T	133	2	0	0	131	0	0.9849624060150376
E3.14K	712	A	274	262	3	1	0	8	0.9562043795620438	E3.14K	A	142	132	3	1	0	6	0.9295774647887324
E3.14K	713	T	252	0	2	0	250	0	0.9920634920634921	E3.14K	T	129	2	2	1	124	0	0.9612403100775194
E3.14K	714	C	265	3	238	2	6	16	0.8981132075471698	E3.14K	C	132	2	124	0	5	1	0.9393939393939394
E3.14K	715	T	170	3	4	1	162	0	0.9529411764705882	E3.14K	T	89	1	2	0	86	0	0.9662921348314607
E3.14K	716	T	257	0	9	0	242	6	0.9416342412451362	E3.14K	T	138	0	4	0	129	5	0.9347826086956522
E3.14K	717	T	269	1	11	0	256	1	0.9516728624535316	E3.14K	T	145	3	7	1	129	5	0.8896551724137931
E3.14K	718	T	275	4	2	2	262	5	0.9527272727272728	E3.14K	T	144	1	1	4	135	3	0.9375
E3.14K	719	G	274	1	1	268	0	4	0.9781021897810219	E3.14K	G	142	1	0	139	0	2	0.9788732394366197
E3.14K	720	T	271	2	2	3	263	1	0.9704797047970479	E3.14K	T	144	2	3	2	134	3	0.9305555555555556
E3.14K	721	C	274	1	262	2	4	5	0.9562043795620438	E3.14K	C	144	1	132	0	8	3	0.9166666666666666
E3.14K	722	T	273	4	1	0	264	4	0.967032967032967	E3.14K	T	138	1	0	0	137	0	0.9927536231884058
E3.14K	723	G	266	8	0	258	0	0	0.9699248120300752	E3.14K	G	138	1	0	137	0	0	0.9927536231884058
E3.14K	724	G	269	1	0	268	0	0	0.9962825278810409	E3.14K	G	140	1	0	138	0	1	0.9857142857142858
E3.14K	725	T	268	0	2	0	266	0	0.9925373134328358	E3.14K	T	138	1	1	0	136	0	0.9855072463768116
E3.14K	726	A	215	213	0	1	1	0	0.9906976744186047	E3.14K	A	112	111	0	1	0	0	0.9910714285714286
E3.14K	727	A	265	261	0	3	1	0	0.9849056603773585	E3.14K	A	135	133	0	0	2	0	0.9851851851851852
E3.14K	728	A	263	262	1	0	0	0	0.9961977186311787	E3.14K	A	133	131	0	2	0	0	0.9849624060150376
E3.14K	729	G	265	0	0	265	0	0	1.0	E3.14K	G	137	0	1	136	0	0	0.9927007299270073
E3.14K	730	C	266	1	261	0	4	0	0.981203007518797	E3.14K	C	139	0	137	0	2	0	0.9856115107913669
E3.14K	731	A	267	267	0	0	0	0	1.0	E3.14K	A	141	140	0	0	1	0	0.9929078014184397
E3.14K	732	G	270	0	0	270	0	0	1.0	E3.14K	G	141	0	0	141	0	0	1.0
E3.14K	733	G	272	0	0	270	0	2	0.9926470588235294	E3.14K	G	141	0	0	141	0	0	1.0
E3.14K	734	C	268	0	268	0	0	0	1.0	E3.14K	C	141	0	140	0	0	1	0.9929078014184397
E3.14K	735	C	267	0	267	0	0	0	1.0	E3.14K	C	142	0	141	0	0	1	0.9929577464788732
E3.14K	736	A	217	215	0	2	0	0	0.9907834101382489	E3.14K	A	111	109	0	1	1	0	0.9819819819819819
E3.14K	737	A	270	268	0	0	1	1	0.9925925925925926	E3.14K	A	140	140	0	0	0	0	1.0
E3.14K	738	A	271	265	2	2	1	1	0.977859778597786	E3.14K	A	141	140	0	0	1	0	0.9929078014184397
E3.14K	739	G	274	0	0	270	0	4	0.9854014598540146	E3.14K	G	142	0	0	141	0	1	0.9929577464788732
E3.14K	740	T	278	0	1	0	268	9	0.9640287769784173	E3.14K	T	141	0	0	0	140	1	0.9929078014184397
E3.14K	741	C	252	0	249	0	3	0	0.9880952380952381	E3.14K	C	129	0	127	0	2	0	0.9844961240310077
E3.14K	742	A	262	242	0	0	18	2	0.9236641221374046	E3.14K	A	136	114	1	0	17	4	0.8382352941176471
E3.14K	743	C	266	0	262	0	3	1	0.9849624060150376	E3.14K	C	137	0	136	0	1	0	0.9927007299270073
E3.14K	744	C	266	1	261	1	3	0	0.981203007518797	E3.14K	C	136	0	135	0	1	0	0.9926470588235294
E3.14K	745	T	265	0	4	2	259	0	0.9773584905660377	E3.14K	T	139	0	1	0	136	2	0.9784172661870504
E3.14K	746	A	265	259	5	1	0	0	0.9773584905660377	E3.14K	A	138	135	3	0	0	0	0.9782608695652174
E3.14K	747	C	266	0	261	1	4	0	0.981203007518797	E3.14K	C	139	0	138	0	1	0	0.9928057553956835
E3.14K	748	G	270	1	0	264	0	5	0.9777777777777777	E3.14K	G	142	0	0	139	0	3	0.9788732394366197
E3.14K	749	A	263	259	0	2	2	0	0.9847908745247148	E3.14K	A	139	138	0	0	1	0	0.9928057553956835
E3.14K	750	C	269	0	265	2	1	1	0.9851301115241635	E3.14K	C	142	0	141	0	0	1	0.9929577464788732
E3.14K	751	A	269	262	0	6	0	1	0.9739776951672863	E3.14K	A	142	138	0	3	0	1	0.971830985915493
E3.14K	752	G	273	0	0	270	0	3	0.989010989010989	E3.14K	G	142	0	0	141	0	1	0.9929577464788732
E3.14K	753	T	291	0	0	0	269	22	0.9243986254295533	E3.14K	T	148	0	1	0	140	7	0.9459459459459459
E3.14K	754	A	261	252	3	3	3	0	0.9655172413793104	E3.14K	A	133	129	0	3	1	0	0.9699248120300752
E3.14K	755	A	273	257	5	2	4	5	0.9413919413919414	E3.14K	A	142	136	2	2	1	1	0.9577464788732394
E3.14K	756	T	277	0	0	0	268	9	0.9675090252707581	E3.14K	T	139	3	2	0	134	0	0.9640287769784173
E3.14K	757	A	244	219	6	2	17	0	0.8975409836065574	E3.14K	A	128	112	6	0	10	0	0.875
E3.14K	758	C	248	0	235	0	12	1	0.9475806451612904	E3.14K	C	126	0	115	0	11	0	0.9126984126984127
E3.14K	759	C	253	0	251	0	2	0	0.9920948616600791	E3.14K	C	134	0	130	0	4	0	0.9701492537313433
E3.14K	760	A	266	260	1	0	5	0	0.9774436090225563	E3.14K	A	138	132	0	0	6	0	0.9565217391304348
E3.14K	761	C	254	1	250	1	2	0	0.984251968503937	E3.14K	C	135	0	133	0	2	0	0.9851851851851852
E3.14K	762	C	263	6	254	1	0	2	0.9657794676806084	E3.14K	C	143	4	133	2	0	4	0.9300699300699301
E3.14K	763	G	263	17	0	246	0	0	0.935361216730038	E3.14K	G	140	15	0	124	1	0	0.8857142857142857
E3.14K	764	G	277	1	5	262	0	9	0.9458483754512635	E3.14K	G	145	2	0	139	0	4	0.9586206896551724
E3.14K	765	A	256	250	4	1	1	0	0.9765625	E3.14K	A	136	134	0	1	1	0	0.9852941176470589
E3.14K	766	C	261	1	257	0	3	0	0.9846743295019157	E3.14K	C	142	0	138	0	2	2	0.971830985915493
E3.14K	767	A	248	227	5	3	13	0	0.9153225806451613	E3.14K	A	139	127	3	1	8	0	0.9136690647482014
E3.14K	768	C	252	1	245	0	6	0	0.9722222222222222	E3.14K	C	135	0	131	0	4	0	0.9703703703703703
E3.14K	769	C	269	0	248	3	14	4	0.9219330855018587	E3.14K	C	144	0	132	1	8	3	0.9166666666666666
E3.14K	770	G	277	3	1	257	6	10	0.927797833935018	E3.14K	G	149	0	0	136	3	10	0.912751677852349
E3.14K	771	C	266	0	265	0	1	0	0.9962406015037594	E3.14K	C	142	0	139	0	2	1	0.9788732394366197
E3.14K	772	C	279	0	266	0	3	10	0.953405017921147	E3.14K	C	144	1	139	0	1	3	0.9652777777777778
E3.14K	773	T	256	2	10	0	244	0	0.953125	E3.14K	T	135	2	5	0	128	0	0.9481481481481482
E3.14K	774	T	268	2	1	0	262	3	0.9776119402985075	E3.14K	T	137	1	1	0	135	0	0.9854014598540146
E3.14K	775	A	235	229	1	3	2	0	0.9744680851063829	E3.14K	A	126	126	0	0	0	0	1.0
E3.14K	776	G	261	8	0	249	4	0	0.9540229885057471	E3.14K	G	137	4	0	132	1	0	0.9635036496350365
E3.14K	777	C	287	10	247	0	8	22	0.8606271777003485	E3.14K	C	144	7	128	0	3	6	0.8888888888888888
E3.14K	778	T	264	1	1	0	262	0	0.9924242424242424	E3.14K	T	141	0	0	0	139	2	0.9858156028368794
E3.14K	779	A	250	238	0	0	12	0	0.952	E3.14K	A	133	128	1	0	4	0	0.9624060150375939
E3.14K	780	C	264	0	260	1	0	3	0.9848484848484849	E3.14K	C	139	1	137	0	1	0	0.9856115107913669
E3.14K	781	A	262	251	2	1	8	0	0.9580152671755725	E3.14K	A	138	135	1	1	1	0	0.9782608695652174
E3.14K	782	A	270	251	1	14	2	2	0.9296296296296296	E3.14K	A	144	135	0	5	0	4	0.9375
E3.14K	783	G	270	0	0	267	2	1	0.9888888888888889	E3.14K	G	143	1	0	139	0	3	0.972027972027972
E3.14K	784	T	269	0	4	1	264	0	0.9814126394052045	E3.14K	T	139	0	1	1	137	0	0.9856115107913669
E3.14K	785	T	275	0	0	0	269	6	0.9781818181818182	E3.14K	T	142	1	3	1	136	1	0.9577464788732394
E3.14K	786	G	268	1	0	267	0	0	0.996268656716418	E3.14K	G	140	1	0	138	1	0	0.9857142857142858
E3.14K	787	C	264	1	262	0	1	0	0.9924242424242424	E3.14K	C	136	0	133	1	2	0	0.9779411764705882
E3.14K	788	C	267	0	266	0	0	1	0.9962546816479401	E3.14K	C	139	1	138	0	0	0	0.9928057553956835
E3.14K	789	A	243	243	0	0	0	0	1.0	E3.14K	A	120	118	1	0	1	0	0.9833333333333333
E3.14K	790	A	266	244	1	0	20	1	0.9172932330827067	E3.14K	A	139	129	2	0	8	0	0.9280575539568345
E3.14K	791	C	268	0	237	0	30	1	0.8843283582089553	E3.14K	C	142	0	112	0	27	3	0.7887323943661971
E3.14K	792	C	282	1	265	1	0	15	0.9397163120567376	E3.14K	C	141	1	135	0	2	3	0.9574468085106383
E3.14K	793	A	271	262	0	4	1	4	0.966789667896679	E3.14K	A	139	132	0	3	3	1	0.9496402877697842
E3.14K	794	A	271	261	0	7	2	1	0.9630996309963099	E3.14K	A	140	131	0	7	2	0	0.9357142857142857
E3.14K	795	G	277	1	0	268	1	7	0.9675090252707581	E3.14K	G	141	0	0	140	0	1	0.9929078014184397
E3.14K	796	C	268	0	256	4	8	0	0.9552238805970149	E3.14K	C	139	0	134	2	3	0	0.9640287769784173
E3.14K	797	G	265	4	1	260	0	0	0.9811320754716981	E3.14K	G	136	2	0	134	0	0	0.9852941176470589
E3.14K	798	T	263	1	7	2	252	1	0.9581749049429658	E3.14K	T	134	3	6	0	125	0	0.9328358208955224
E3.14K	799	C	269	10	254	3	0	2	0.9442379182156134	E3.14K	C	146	9	132	0	0	5	0.9041095890410958
E3.14K	800	A	271	269	0	0	0	2	0.992619926199262	E3.14K	A	140	140	0	0	0	0	1.0
E3.14K	801	G	272	2	0	268	0	2	0.9852941176470589	E3.14K	G	142	1	0	140	0	1	0.9859154929577465
E3.14K	802	A	244	242	2	0	0	0	0.9918032786885246	E3.14K	A	126	124	0	2	0	0	0.9841269841269841
E3.14K	803	A	271	269	0	1	0	1	0.992619926199262	E3.14K	A	142	139	0	1	0	2	0.9788732394366197
E3.14K	804	A	274	263	0	4	2	5	0.9598540145985401	E3.14K	A	141	136	1	3	1	0	0.9645390070921985
E3.14K	805	T	267	0	7	0	260	0	0.9737827715355806	E3.14K	T	138	0	4	0	134	0	0.9710144927536232
E3.14K	806	T	271	2	0	0	267	2	0.985239852398524	E3.14K	T	141	1	0	0	140	0	0.9929078014184397
E3.14K	807	G	263	4	0	258	1	0	0.9809885931558935	E3.14K	G	139	7	0	132	0	0	0.9496402877697842
E3.14K	808	G	269	2	0	266	1	0	0.9888475836431226	E3.14K	G	142	0	0	141	0	1	0.9929577464788732
E3.14K	809	T	277	0	1	0	268	8	0.9675090252707581	E3.14K	T	145	0	1	0	139	5	0.9586206896551724
E3.14K	810	G	260	1	0	258	1	0	0.9923076923076923	E3.14K	G	136	3	0	133	0	0	0.9779411764705882
E3.14K	811	G	274	0	2	266	1	5	0.9708029197080292	E3.14K	G	143	0	0	140	1	2	0.9790209790209791
E3.14K	812	T	270	1	0	2	264	3	0.9777777777777777	E3.14K	T	141	1	0	1	138	1	0.9787234042553191
E3.14K	813	C	270	0	252	2	5	11	0.9333333333333333	E3.14K	C	132	1	126	0	5	0	0.9545454545454546
E3.14K	814	A	224	173	16	20	15	0	0.7723214285714286	E3.14K	A	120	95	5	8	12	0	0.7916666666666666
E3.14K	815	T	255	0	7	1	247	0	0.9686274509803922	E3.14K	T	137	2	3	0	132	0	0.9635036496350365
E3.14K	816	G	263	29	1	229	4	0	0.870722433460076	E3.14K	G	137	19	0	116	2	0	0.8467153284671532
E3.14K	817	G	270	1	1	267	1	0	0.9888888888888889	E3.14K	G	141	0	0	141	0	0	1.0
E3.14K	818	T	272	2	0	0	268	2	0.9852941176470589	E3.14K	T	145	0	0	0	141	4	0.9724137931034482
E3.14K	819	G	233	4	2	227	0	0	0.9742489270386266	E3.14K	G	121	2	0	119	0	0	0.9834710743801653
E3.14K	820	G	263	3	0	260	0	0	0.9885931558935361	E3.14K	G	136	2	0	133	0	1	0.9779411764705882
E3.14K	821	G	268	1	1	266	0	0	0.9925373134328358	E3.14K	G	141	0	0	141	0	0	1.0
E3.14K	822	A	268	268	0	0	0	0	1.0	E3.14K	A	141	141	0	0	0	0	1.0
E3.14K	823	G	275	1	0	269	0	5	0.9781818181818182	E3.14K	G	142	0	0	141	0	1	0.9929577464788732
E3.14K	824	A	265	264	0	0	1	0	0.9962264150943396	E3.14K	A	140	140	0	0	0	0	1.0
E3.14K	825	A	269	268	0	1	0	0	0.9962825278810409	E3.14K	A	141	141	0	0	0	0	1.0
E3.14K	826	A	269	268	0	1	0	0	0.9962825278810409	E3.14K	A	141	141	0	0	0	0	1.0
E3.14K	827	A	270	268	0	1	1	0	0.9925925925925926	E3.14K	A	141	141	0	0	0	0	1.0
E3.14K	828	G	270	0	0	268	0	2	0.9925925925925926	E3.14K	G	142	1	0	139	0	2	0.9788732394366197
E3.14K	829	C	262	1	260	0	0	1	0.9923664122137404	E3.14K	C	132	0	130	1	1	0	0.9848484848484849
E3.14K	830	C	278	0	267	0	0	11	0.960431654676259	E3.14K	C	144	0	140	0	0	4	0.9722222222222222
E3.14K	831	C	274	1	261	0	3	9	0.9525547445255474	E3.14K	C	139	0	136	0	2	1	0.9784172661870504
E3.14K	832	A	269	261	1	0	3	4	0.9702602230483272	E3.14K	A	136	135	0	0	1	0	0.9926470588235294
E3.14K	833	T	209	10	16	0	183	0	0.8755980861244019	E3.14K	T	98	3	5	0	90	0	0.9183673469387755
E3.14K	834	T	230	6	9	1	214	0	0.9304347826086956	E3.14K	T	121	2	5	0	112	2	0.9256198347107438
E3.14K	835	A	252	242	0	0	10	0	0.9603174603174603	E3.14K	A	132	128	2	0	2	0	0.9696969696969697
E3.14K	836	C	254	2	250	1	1	0	0.984251968503937	E3.14K	C	132	1	128	0	3	0	0.9696969696969697
E3.14K	837	C	269	0	258	0	4	7	0.9591078066914498	E3.14K	C	142	0	137	0	1	4	0.9647887323943662
E3.14K	838	A	258	254	0	4	0	0	0.9844961240310077	E3.14K	A	134	134	0	0	0	0	1.0
E3.14K	839	T	260	1	0	0	259	0	0.9961538461538462	E3.14K	T	133	0	2	0	131	0	0.9849624060150376
E3.14K	840	A	233	231	0	0	2	0	0.9914163090128756	E3.14K	A	120	120	0	0	0	0	1.0
E3.14K	841	A	251	241	0	0	10	0	0.9601593625498008	E3.14K	A	124	119	0	0	5	0	0.9596774193548387
E3.14K	842	C	313	1	216	0	34	62	0.6900958466453674	E3.14K	C	161	0	111	0	15	35	0.6894409937888198
E3.14K	843	T	264	1	3	0	260	0	0.9848484848484849	E3.14K	T	141	2	0	0	137	2	0.9716312056737588
E3.14K	844	C	269	0	264	1	2	2	0.9814126394052045	E3.14K	C	141	1	131	1	6	2	0.9290780141843972
E3.14K	845	A	268	259	0	2	7	0	0.9664179104477612	E3.14K	A	141	135	0	3	3	0	0.9574468085106383
E3.14K	846	G	267	1	0	265	1	0	0.9925093632958801	E3.14K	G	141	0	1	139	0	1	0.9858156028368794
E3.14K	847	C	241	0	236	1	4	0	0.979253112033195	E3.14K	C	120	1	117	1	1	0	0.975
E3.14K	848	A	246	240	0	1	3	2	0.975609756097561	E3.14K	A	122	119	0	0	2	1	0.9754098360655737
E3.14K	849	C	252	3	238	1	7	3	0.9444444444444444	E3.14K	C	125	2	123	0	0	0	0.984
E3.14K	850	T	264	6	1	0	257	0	0.9734848484848485	E3.14K	T	141	5	1	1	133	1	0.9432624113475178
E3.14K	851	C	218	3	176	2	37	0	0.8073394495412844	E3.14K	C	117	2	99	2	14	0	0.8461538461538461
E3.14K	852	G	261	83	0	168	9	1	0.6436781609195402	E3.14K	G	136	28	0	105	3	0	0.7720588235294118
E3.14K	853	G	262	1	0	259	2	0	0.9885496183206107	E3.14K	G	139	1	0	135	3	0	0.9712230215827338
E3.14K	854	T	270	2	1	0	263	4	0.9740740740740741	E3.14K	T	145	1	0	1	138	5	0.9517241379310345
E3.14K	855	A	252	235	0	16	1	0	0.9325396825396826	E3.14K	A	130	119	0	11	0	0	0.9153846153846154
E3.14K	856	G	269	0	0	268	0	1	0.9962825278810409	E3.14K	G	141	0	1	140	0	0	0.9929078014184397
E3.14K	857	A	256	249	0	6	1	0	0.97265625	E3.14K	A	136	136	0	0	0	0	1.0
E3.14K	858	A	262	258	0	1	3	0	0.9847328244274809	E3.14K	A	138	136	0	0	2	0	0.9855072463768116
E3.14K	859	A	266	257	2	0	6	1	0.9661654135338346	E3.14K	A	139	136	2	0	1	0	0.9784172661870504
E3.14K	860	C	276	0	253	0	12	11	0.9166666666666666	E3.14K	C	135	0	131	0	4	0	0.9703703703703703
E3.14K	861	C	269	1	247	0	17	4	0.9182156133828996	E3.14K	C	135	0	128	0	7	0	0.9481481481481482
E3.14K	862	G	265	4	0	257	4	0	0.969811320754717	E3.14K	G	137	2	0	130	3	2	0.948905109489051
E3.14K	863	A	265	262	0	0	3	0	0.9886792452830189	E3.14K	A	137	132	0	1	4	0	0.9635036496350365
E3.14K	864	A	277	264	0	2	1	10	0.9530685920577617	E3.14K	A	143	139	0	0	1	3	0.972027972027972
E3.14K	865	G	268	0	0	268	0	0	1.0	E3.14K	G	141	0	0	140	0	1	0.9929078014184397
E3.14K	866	G	268	0	0	266	2	0	0.9925373134328358	E3.14K	G	140	0	0	140	0	0	1.0
E3.14K	867	C	268	0	267	0	0	1	0.996268656716418	E3.14K	C	139	0	139	0	0	0	1.0
E3.14K	868	T	271	1	0	0	266	4	0.981549815498155	E3.14K	T	140	0	0	0	140	0	1.0
E3.14K	869	G	278	1	0	276	0	1	0.9928057553956835	E3.14K	G	141	0	0	141	0	0	1.0
E3.14K	870	C	279	0	276	0	0	3	0.989247311827957	E3.14K	C	142	0	141	0	0	1	0.9929577464788732
E3.14K	871	A	272	266	0	0	2	4	0.9779411764705882	E3.14K	A	140	136	0	0	1	3	0.9714285714285714
E3.14K	872	T	203	0	4	0	199	0	0.9802955665024631	E3.14K	T	104	0	0	0	104	0	1.0
E3.14K	873	T	256	1	0	0	255	0	0.99609375	E3.14K	T	132	1	1	0	130	0	0.9848484848484849
E3.14K	874	C	213	0	205	0	8	0	0.9624413145539906	E3.14K	C	109	0	107	0	2	0	0.981651376146789
E3.14K	875	A	222	205	0	0	17	0	0.9234234234234234	E3.14K	A	113	108	0	0	5	0	0.9557522123893806
E3.14K	876	C	211	0	204	0	7	0	0.966824644549763	E3.14K	C	125	0	109	0	7	9	0.872
E3.14K	877	T	231	1	0	0	230	0	0.9956709956709957	E3.14K	T	129	0	1	0	128	0	0.9922480620155039
E3.14K	878	C	218	0	202	0	16	0	0.926605504587156	E3.14K	C	104	0	96	0	8	0	0.9230769230769231
E3.14K	879	A	219	145	7	0	67	0	0.6621004566210046	E3.14K	A	102	67	2	0	33	0	0.6568627450980392
E3.14K	880	C	234	0	203	1	30	0	0.8675213675213675	E3.14K	C	106	0	88	1	17	0	0.8301886792452831
E3.14K	881	C	222	6	206	0	10	0	0.9279279279279279	E3.14K	C	110	1	105	0	4	0	0.9545454545454546
E3.14K	882	T	207	3	20	2	182	0	0.8792270531400966	E3.14K	T	109	1	5	0	103	0	0.944954128440367
E3.14K	883	T	288	3	3	15	253	14	0.8784722222222222	E3.14K	T	146	1	2	11	124	8	0.8493150684931506
E3.14K	884	G	284	4	0	276	0	4	0.971830985915493	E3.14K	G	149	1	0	136	4	8	0.912751677852349
E3.14K	885	T	321	4	17	5	250	45	0.778816199376947	E3.14K	T	160	4	9	3	127	17	0.79375
E3.14K	886	C	278	2	272	0	4	0	0.9784172661870504	E3.14K	C	139	1	136	0	2	0	0.9784172661870504
E3.14K	887	A	277	267	6	0	4	0	0.9638989169675091	E3.14K	A	142	134	8	0	0	0	0.9436619718309859
E3.14K	888	A	285	276	2	2	0	5	0.968421052631579	E3.14K	A	141	138	0	3	0	0	0.9787234042553191
E3.14K	889	G	279	1	0	278	0	0	0.996415770609319	E3.14K	G	137	2	0	134	1	0	0.9781021897810219
E3.14K	890	G	295	1	0	281	0	13	0.9525423728813559	E3.14K	G	144	0	1	142	1	0	0.9861111111111112
E3.14K	891	A	281	274	1	0	6	0	0.9750889679715302	E3.14K	A	150	142	1	0	1	6	0.9466666666666667
E3.14K	892	C	281	0	280	0	1	0	0.99644128113879	E3.14K	C	143	0	143	0	0	0	1.0
E3.14K	893	C	283	0	280	0	2	1	0.9893992932862191	E3.14K	C	143	0	143	0	0	0	1.0
E3.14K	894	T	281	3	0	0	278	0	0.9893238434163701	E3.14K	T	141	4	1	0	136	0	0.9645390070921985
E3.14K	895	G	280	3	0	277	0	0	0.9892857142857143	E3.14K	G	140	4	0	136	0	0	0.9714285714285714
E3.14K	896	A	277	275	0	2	0	0	0.9927797833935018	E3.14K	A	140	139	0	1	0	0	0.9928571428571429
E3.14K	897	G	278	1	0	277	0	0	0.9964028776978417	E3.14K	G	141	2	0	139	0	0	0.9858156028368794
E3.14K	898	G	284	4	0	277	0	3	0.9753521126760564	E3.14K	G	145	1	0	143	0	1	0.9862068965517241
E3.14K	899	A	296	280	0	0	0	16	0.9459459459459459	E3.14K	A	151	143	0	0	0	8	0.9470198675496688
E3.14K	900	T	264	3	0	1	260	0	0.9848484848484849	E3.14K	T	133	0	0	0	133	0	1.0
E3.14K	901	C	249	0	231	1	17	0	0.927710843373494	E3.14K	C	125	1	107	1	16	0	0.856
E3.14K	902	T	285	4	2	1	271	7	0.9508771929824561	E3.14K	T	148	4	1	0	139	4	0.9391891891891891
E3.14K	903	C	261	1	250	5	5	0	0.9578544061302682	E3.14K	C	137	0	127	6	4	0	0.927007299270073
E3.14K	904	T	284	6	0	3	269	6	0.9471830985915493	E3.14K	T	148	4	0	4	136	4	0.918918918918919
E3.14K	905	G	284	1	5	265	1	12	0.9330985915492958	E3.14K	G	139	2	1	131	2	3	0.9424460431654677
E3.14K	906	C	272	0	248	2	20	2	0.9117647058823529	E3.14K	C	139	2	122	0	11	4	0.8776978417266187
E3.14K	907	A	270	242	6	0	21	1	0.8962962962962963	E3.14K	A	136	121	2	0	12	1	0.8897058823529411
E3.14K	908	C	212	1	204	0	7	0	0.9622641509433962	E3.14K	C	110	1	101	1	7	0	0.9181818181818182
E3.14K	909	C	284	0	260	0	13	11	0.9154929577464789	E3.14K	C	150	1	139	0	2	8	0.9266666666666666
E3.14K	910	C	259	3	243	0	13	0	0.9382239382239382	E3.14K	C	131	2	122	0	7	0	0.9312977099236641
E3.14K	911	T	234	12	23	0	199	0	0.8504273504273504	E3.14K	T	118	5	10	0	103	0	0.8728813559322034
E3.14K	912	T	252	35	14	0	201	2	0.7976190476190477	E3.14K	T	139	18	6	0	110	5	0.7913669064748201
E3.14K	913	A	273	262	4	2	1	4	0.9597069597069597	E3.14K	A	141	139	2	0	0	0	0.9858156028368794
E3.14K	914	T	260	3	36	1	220	0	0.8461538461538461	E3.14K	T	129	3	20	0	106	0	0.8217054263565892
E3.14K	915	T	282	20	4	3	246	9	0.8723404255319149	E3.14K	T	139	13	0	3	120	3	0.8633093525179856
E3.14K	916	A	263	252	1	2	8	0	0.9581749049429658	E3.14K	A	130	123	1	1	5	0	0.9461538461538461
E3.14K	917	A	278	277	0	1	0	0	0.9964028776978417	E3.14K	A	144	144	0	0	0	0	1.0
E3.14K	918	G	279	1	0	278	0	0	0.996415770609319	E3.14K	G	145	0	0	144	0	1	0.993103448275862
E3.14K	919	A	282	278	0	1	0	3	0.9858156028368794	E3.14K	A	146	144	0	0	0	2	0.9863013698630136
E3.14K	920	C	244	0	243	0	1	0	0.9959016393442623	E3.14K	C	125	0	125	0	0	0	1.0
E3.14K	921	C	281	0	279	0	0	2	0.9928825622775801	E3.14K	C	145	0	144	0	0	1	0.993103448275862
E3.14K	922	C	284	1	269	1	6	7	0.9471830985915493	E3.14K	C	142	1	133	0	8	0	0.9366197183098591
E3.14K	923	T	285	10	0	1	262	12	0.9192982456140351	E3.14K	T	142	10	0	1	128	3	0.9014084507042254
E3.14K	924	G	278	10	0	265	1	2	0.9532374100719424	E3.14K	G	142	10	0	131	0	1	0.9225352112676056
E3.14K	925	T	271	1	12	0	258	0	0.9520295202952029	E3.14K	T	138	0	6	0	132	0	0.9565217391304348
E3.14K	926	G	272	2	3	267	0	0	0.9816176470588235	E3.14K	G	136	0	0	136	0	0	1.0
E3.14K	927	C	270	3	258	2	7	0	0.9555555555555556	E3.14K	C	139	0	128	1	10	0	0.920863309352518
E3.14K	928	G	279	34	0	242	1	2	0.8673835125448028	E3.14K	G	144	26	0	117	0	1	0.8125
E3.14K	929	G	278	0	0	278	0	0	1.0	E3.14K	G	144	2	0	142	0	0	0.9861111111111112
E3.14K	930	T	171	0	0	0	171	0	1.0	E3.14K	T	82	0	0	0	82	0	1.0
E3.14K	931	C	148	0	143	0	5	0	0.9662162162162162	E3.14K	C	73	0	70	3	0	0	0.958904109589041
E3.14K	932	T	265	7	5	0	253	0	0.9547169811320755	E3.14K	T	136	5	4	0	127	0	0.9338235294117647
E3.14K	933	C	276	0	275	1	0	0	0.9963768115942029	E3.14K	C	141	1	139	0	0	1	0.9858156028368794
E3.14K	934	A	272	270	1	0	1	0	0.9926470588235294	E3.14K	A	138	137	0	0	1	0	0.9927536231884058
E3.14K	935	A	277	275	0	0	2	0	0.9927797833935018	E3.14K	A	140	140	0	0	0	0	1.0
E3.14K	936	A	279	278	0	0	1	0	0.996415770609319	E3.14K	A	144	144	0	0	0	0	1.0
E3.14K	937	G	279	0	0	279	0	0	1.0	E3.14K	G	144	0	0	144	0	0	1.0
E3.14K	938	A	293	279	0	0	0	14	0.9522184300341296	E3.14K	A	144	142	0	0	0	2	0.9861111111111112
E3.14K	939	T	277	0	0	0	277	0	1.0	E3.14K	T	144	0	0	0	144	0	1.0
E3.14K	940	C	224	0	198	1	25	0	0.8839285714285714	E3.14K	C	115	1	99	0	15	0	0.8608695652173913
E3.14K	941	T	260	2	4	0	254	0	0.9769230769230769	E3.14K	T	132	0	3	0	129	0	0.9772727272727273
E3.14K	942	T	280	1	6	0	271	2	0.9678571428571429	E3.14K	T	142	3	4	0	134	1	0.9436619718309859
E3.14K	943	A	288	273	4	2	0	9	0.9479166666666666	E3.14K	A	148	143	0	1	0	4	0.9662162162162162
E3.14K	944	T	276	3	1	0	272	0	0.9855072463768116	E3.14K	T	144	0	1	0	142	1	0.9861111111111112
E3.14K	945	T	278	2	0	0	276	0	0.9928057553956835	E3.14K	T	144	3	1	0	140	0	0.9722222222222222
E3.14K	946	C	271	0	271	0	0	0	1.0	E3.14K	C	137	0	136	0	1	0	0.9927007299270073
E3.14K	947	C	285	0	279	0	0	6	0.9789473684210527	E3.14K	C	146	0	143	0	1	2	0.9794520547945206
E3.14K	948	C	290	0	272	0	0	18	0.9379310344827586	E3.14K	C	157	0	143	0	0	14	0.910828025477707
E3.14K	949	T	242	1	2	0	239	0	0.987603305785124	E3.14K	T	127	0	1	0	126	0	0.9921259842519685
E3.14K	950	T	270	6	21	0	241	2	0.8925925925925926	E3.14K	T	139	0	14	0	124	1	0.8920863309352518
E3.14K	951	T	272	0	29	0	243	0	0.8933823529411765	E3.14K	T	138	0	13	0	125	0	0.9057971014492754
E3.14K	952	A	265	259	5	0	1	0	0.9773584905660377	E3.14K	A	131	128	2	0	1	0	0.9770992366412213
E3.14K	953	A	271	269	1	0	1	0	0.992619926199262	E3.14K	A	138	138	0	0	0	0	1.0
E3.14K	954	C	278	1	265	0	10	2	0.9532374100719424	E3.14K	C	141	0	129	0	11	1	0.9148936170212766
E3.14K	955	T	274	0	0	0	274	0	1.0	E3.14K	T	139	0	0	0	139	0	1.0
E3.14K	956	A	270	269	0	0	1	0	0.9962962962962963	E3.14K	A	142	142	0	0	0	0	1.0
E3.14K	957	A	275	272	0	0	3	0	0.9890909090909091	E3.14K	A	141	141	0	0	0	0	1.0
E3.14K	958	T	291	4	0	0	272	15	0.9347079037800687	E3.14K	T	144	0	0	0	141	3	0.9791666666666666
E3.14K	959	A	122	114	2	0	6	0	0.9344262295081968	E3.14K	A	48	48	0	0	0	0	1.0
E3.14K	960	A	160	157	1	0	1	1	0.98125	E3.14K	A	62	62	0	0	0	0	1.0
E3.14K	961	A	216	206	0	0	10	0	0.9537037037037037	E3.14K	A	100	98	0	0	2	0	0.98
E3.14K	962	A	251	248	0	0	3	0	0.9880478087649402	E3.14K	A	118	117	0	0	1	0	0.9915254237288136
E3.14K	963	A	266	265	0	0	1	0	0.9962406015037594	E3.14K	A	134	132	0	0	2	0	0.9850746268656716
E3.14K	964	A	269	266	0	1	2	0	0.9888475836431226	E3.14K	A	136	134	0	0	1	1	0.9852941176470589
E3.14K	965	A	268	264	0	0	4	0	0.9850746268656716	E3.14K	A	137	133	0	0	4	0	0.9708029197080292
E3.14K	966	A	266	253	0	0	13	0	0.9511278195488722	E3.14K	A	137	134	0	0	3	0	0.9781021897810219
E3.14K	967	A	262	258	0	1	3	0	0.9847328244274809	E3.14K	A	134	131	0	0	3	0	0.9776119402985075
E3.14K	968	T	249	3	1	0	245	0	0.9839357429718876	E3.14K	T	132	2	0	0	130	0	0.9848484848484849
E3.14K	969	A	275	275	0	0	0	0	1.0	E3.14K	A	136	135	0	1	0	0	0.9926470588235294
E3.14K	970	A	276	275	0	0	0	1	0.9963768115942029	E3.14K	A	137	135	0	2	0	0	0.9854014598540146
E3.14K	971	T	274	4	0	0	270	0	0.9854014598540146	E3.14K	T	133	0	2	0	131	0	0.9849624060150376
E3.14K	972	A	246	242	0	0	4	0	0.983739837398374	E3.14K	A	112	112	0	0	0	0	1.0
E3.14K	973	A	273	273	0	0	0	0	1.0	E3.14K	A	134	131	1	1	1	0	0.9776119402985075
E3.14K	974	A	274	273	0	1	0	0	0.9963503649635036	E3.14K	A	133	132	0	1	0	0	0.9924812030075187
E3.14K	975	G	276	0	0	273	0	3	0.9891304347826086	E3.14K	G	134	0	0	134	0	0	1.0
E3.14K	976	C	261	0	261	0	0	0	1.0	E3.14K	C	130	0	129	1	0	0	0.9923076923076923
E3.14K	977	A	259	256	0	0	0	3	0.9884169884169884	E3.14K	A	129	129	0	0	0	0	1.0
E3.14K	978	T	221	3	8	0	210	0	0.9502262443438914	E3.14K	T	115	3	4	1	107	0	0.9304347826086956
E3.14K	979	C	228	0	222	0	6	0	0.9736842105263158	E3.14K	C	102	0	100	0	2	0	0.9803921568627451
E3.14K	980	A	217	203	0	0	14	0	0.9354838709677419	E3.14K	A	97	86	0	0	11	0	0.8865979381443299
E3.14K	981	C	225	0	219	0	6	0	0.9733333333333334	E3.14K	C	117	0	113	0	3	1	0.9658119658119658
E3.14K	982	T	215	3	2	0	210	0	0.9767441860465116	E3.14K	T	111	1	0	0	110	0	0.990990990990991
E3.14K	983	T	228	0	1	0	227	0	0.9956140350877193	E3.14K	T	119	0	1	0	118	0	0.9915966386554622
E3.14K	984	A	241	241	0	0	0	0	1.0	E3.14K	A	124	124	0	0	0	0	1.0
E3.14K	985	C	226	0	224	0	2	0	0.9911504424778761	E3.14K	C	110	0	107	0	3	0	0.9727272727272728
E3.14K	986	T	226	0	1	0	225	0	0.995575221238938	E3.14K	T	110	0	0	0	110	0	1.0
E3.14K	987	T	229	1	5	0	221	2	0.9650655021834061	E3.14K	T	110	0	0	0	110	0	1.0
E3.14K	988	A	229	228	0	0	0	1	0.9956331877729258	E3.14K	A	110	110	0	0	0	0	1.0
E3.14K	989	A	221	221	0	0	0	0	1.0	E3.14K	A	110	110	0	0	0	0	1.0
E3.14K	990	A	215	215	0	0	0	0	1.0	E3.14K	A	105	105	0	0	0	0	1.0
E3.14K	991	A	202	201	0	0	1	0	0.995049504950495	E3.14K	A	93	93	0	0	0	0	1.0
E3.14K	992	T	150	0	0	0	150	0	1.0	E3.14K	T	78	0	0	0	78	0	1.0
E3.14K	993	C	145	0	145	0	0	0	1.0	E3.14K	C	76	0	76	0	0	0	1.0
E3.14K	994	A	143	143	0	0	0	0	1.0	E3.14K	A	76	76	0	0	0	0	1.0
