chr	pos	ref	depth	A	C	G	T	N	ref_fraction	chr.1	ref.1	depth.1	A.1	C.1	G.1	T.1	N.1	ref_fraction.1
E3.10K	1	G	200	0	0	200	0	0	1.0	E3.10K	G	205	0	0	205	0	0	1.0
E3.10K	2	T	204	0	0	0	204	0	1.0	E3.10K	T	208	0	0	0	208	0	1.0
E3.10K	3	A	205	205	0	0	0	0	1.0	E3.10K	A	214	214	0	0	0	0	1.0
E3.10K	4	T	229	0	1	0	227	1	0.9912663755458515	E3.10K	T	240	0	0	0	237	3	0.9875
E3.10K	5	T	265	0	2	0	256	7	0.9660377358490566	E3.10K	T	272	0	0	0	269	3	0.9889705882352942
E3.10K	6	C	261	0	261	0	0	0	1.0	E3.10K	C	276	1	273	0	1	1	0.9891304347826086
E3.10K	7	A	263	257	1	2	3	0	0.9771863117870723	E3.10K	A	276	275	1	0	0	0	0.9963768115942029
E3.10K	8	G	279	0	0	265	0	14	0.9498207885304659	E3.10K	G	286	0	0	278	0	8	0.972027972027972
E3.10K	9	C	287	1	266	1	0	19	0.926829268292683	E3.10K	C	302	0	284	0	0	18	0.9403973509933775
E3.10K	10	T	274	0	2	0	270	2	0.9854014598540146	E3.10K	T	298	1	0	0	294	3	0.9865771812080537
E3.10K	11	C	280	0	276	0	2	2	0.9857142857142858	E3.10K	C	300	0	295	0	4	1	0.9833333333333333
E3.10K	12	A	284	284	0	0	0	0	1.0	E3.10K	A	361	354	1	0	1	5	0.9806094182825484
E3.10K	13	A	292	292	0	0	0	0	1.0	E3.10K	A	463	463	0	0	0	0	1.0
E3.10K	14	C	297	0	296	0	1	0	0.9966329966329966	E3.10K	C	498	0	498	0	0	0	1.0
E3.10K	15	G	304	0	0	304	0	0	1.0	E3.10K	G	526	0	0	525	0	1	0.9980988593155894
E3.10K	16	A	312	310	0	0	1	1	0.9935897435897436	E3.10K	A	534	533	1	0	0	0	0.99812734082397
E3.10K	17	C	309	0	301	2	5	1	0.9741100323624595	E3.10K	C	537	0	522	0	12	3	0.9720670391061452
E3.10K	18	G	321	4	0	301	0	16	0.9376947040498442	E3.10K	G	564	14	2	519	1	28	0.9202127659574468
E3.10K	19	A	304	299	0	5	0	0	0.9835526315789473	E3.10K	A	545	530	0	12	0	3	0.9724770642201835
E3.10K	20	G	314	0	0	306	0	8	0.9745222929936306	E3.10K	G	559	0	0	540	0	19	0.9660107334525939
E3.10K	21	T	312	1	0	1	306	4	0.9807692307692307	E3.10K	T	549	5	2	1	535	6	0.9744990892531876
E3.10K	22	C	313	2	296	3	4	8	0.9456869009584664	E3.10K	C	530	1	510	2	17	0	0.9622641509433962
E3.10K	23	G	314	19	0	293	1	1	0.9331210191082803	E3.10K	G	547	37	0	505	5	0	0.923217550274223
E3.10K	24	G	316	0	0	316	0	0	1.0	E3.10K	G	558	1	1	553	0	3	0.9910394265232975
E3.10K	25	T	316	0	0	0	316	0	1.0	E3.10K	T	557	0	6	0	548	3	0.9838420107719928
E3.10K	26	G	316	0	0	315	0	1	0.9968354430379747	E3.10K	G	557	3	0	552	0	2	0.9910233393177738
E3.10K	27	A	311	310	0	1	0	0	0.9967845659163987	E3.10K	A	550	546	0	4	0	0	0.9927272727272727
E3.10K	28	G	313	7	0	305	1	0	0.9744408945686901	E3.10K	G	550	4	1	545	0	0	0.990909090909091
E3.10K	29	C	319	3	304	0	5	7	0.9529780564263323	E3.10K	C	576	4	538	2	6	26	0.9340277777777778
E3.10K	30	T	320	0	0	0	314	6	0.98125	E3.10K	T	555	4	0	0	548	3	0.9873873873873874
E3.10K	31	C	315	0	312	0	2	1	0.9904761904761905	E3.10K	C	549	0	546	0	3	0	0.994535519125683
E3.10K	32	C	320	1	304	0	0	15	0.95	E3.10K	C	578	1	539	0	1	37	0.9325259515570934
E3.10K	33	T	302	10	6	2	284	0	0.9403973509933775	E3.10K	T	540	28	2	1	509	0	0.9425925925925925
E3.10K	34	C	325	1	273	1	36	14	0.84	E3.10K	C	552	0	467	3	73	9	0.8460144927536232
E3.10K	35	G	321	15	1	297	1	7	0.9252336448598131	E3.10K	G	558	19	1	523	2	13	0.9372759856630825
E3.10K	36	C	329	5	279	0	24	21	0.8480243161094225	E3.10K	C	585	14	491	1	42	37	0.8393162393162393
E3.10K	37	T	274	8	14	0	252	0	0.9197080291970803	E3.10K	T	499	15	35	1	448	0	0.8977955911823647
E3.10K	38	T	315	16	3	1	295	0	0.9365079365079365	E3.10K	T	561	20	4	3	529	5	0.9429590017825312
E3.10K	39	G	305	17	0	285	3	0	0.9344262295081968	E3.10K	G	543	24	0	517	2	0	0.9521178637200737
E3.10K	40	G	316	1	2	313	0	0	0.990506329113924	E3.10K	G	557	5	1	548	2	1	0.9838420107719928
E3.10K	41	T	300	7	2	1	290	0	0.9666666666666667	E3.10K	T	509	13	6	2	488	0	0.9587426326129665
E3.10K	42	C	234	12	216	0	6	0	0.9230769230769231	E3.10K	C	399	11	382	3	3	0	0.9573934837092731
E3.10K	43	T	318	12	13	0	291	2	0.9150943396226415	E3.10K	T	552	11	12	0	529	0	0.9583333333333334
E3.10K	44	C	316	0	315	0	1	0	0.9968354430379747	E3.10K	C	558	2	554	0	2	0	0.992831541218638
E3.10K	45	C	320	0	316	0	2	2	0.9875	E3.10K	C	566	0	558	1	5	2	0.9858657243816255
E3.10K	46	G	335	5	0	314	1	15	0.9373134328358209	E3.10K	G	584	3	3	558	2	18	0.9554794520547946
E3.10K	47	T	314	15	12	1	286	0	0.910828025477707	E3.10K	T	554	15	21	4	514	0	0.927797833935018
E3.10K	48	C	324	0	323	0	0	1	0.9969135802469136	E3.10K	C	564	5	557	1	1	0	0.9875886524822695
E3.10K	49	C	324	0	322	0	1	1	0.9938271604938271	E3.10K	C	571	1	566	0	0	4	0.9912434325744308
E3.10K	50	G	323	11	0	312	0	0	0.9659442724458205	E3.10K	G	570	20	0	548	0	2	0.9614035087719298
E3.10K	51	G	325	0	0	324	0	1	0.9969230769230769	E3.10K	G	573	0	0	569	0	4	0.9930191972076788
E3.10K	52	A	324	322	0	0	2	0	0.9938271604938271	E3.10K	A	568	568	0	0	0	0	1.0
E3.10K	53	C	337	0	323	0	1	13	0.9584569732937686	E3.10K	C	584	0	561	0	7	16	0.9606164383561644
E3.10K	54	G	291	15	1	275	0	0	0.9450171821305842	E3.10K	G	528	35	0	493	0	0	0.9337121212121212
E3.10K	55	G	304	10	0	293	1	0	0.9638157894736842	E3.10K	G	546	12	1	532	1	0	0.9743589743589743
E3.10K	56	G	257	4	1	249	3	0	0.9688715953307393	E3.10K	G	551	0	0	547	4	0	0.9927404718693285
E3.10K	57	A	226	224	0	1	1	0	0.9911504424778761	E3.10K	A	526	522	1	2	1	0	0.9923954372623575
E3.10K	58	C	312	0	305	0	7	0	0.9775641025641025	E3.10K	C	553	0	539	0	14	0	0.9746835443037974
E3.10K	59	A	305	300	0	0	5	0	0.9836065573770492	E3.10K	A	531	516	0	0	15	0	0.9717514124293786
E3.10K	60	T	168	6	1	1	160	0	0.9523809523809523	E3.10K	T	352	14	4	0	334	0	0.9488636363636364
E3.10K	61	T	294	7	7	0	278	2	0.9455782312925171	E3.10K	T	543	16	5	1	515	6	0.9484346224677717
E3.10K	62	T	332	5	30	2	287	8	0.8644578313253012	E3.10K	T	586	11	32	2	525	16	0.8959044368600683
E3.10K	63	C	330	5	320	0	0	5	0.9696969696969697	E3.10K	C	578	4	566	1	0	7	0.9792387543252595
E3.10K	64	A	329	328	0	0	0	1	0.9969604863221885	E3.10K	A	574	574	0	0	0	0	1.0
E3.10K	65	G	330	0	0	328	0	2	0.9939393939393939	E3.10K	G	581	0	0	575	0	6	0.9896729776247849
E3.10K	66	A	354	328	0	0	0	26	0.9265536723163842	E3.10K	A	634	573	0	0	0	61	0.9037854889589906
E3.10K	67	T	356	3	1	0	324	28	0.9101123595505618	E3.10K	T	619	1	0	0	573	45	0.925686591276252
E3.10K	68	C	240	7	118	3	112	0	0.49166666666666664	E3.10K	C	441	18	230	5	188	0	0.5215419501133787
E3.10K	69	G	322	37	0	224	59	2	0.6956521739130435	E3.10K	G	564	83	0	401	75	5	0.7109929078014184
E3.10K	70	G	321	3	0	318	0	0	0.9906542056074766	E3.10K	G	561	11	1	546	3	0	0.9732620320855615
E3.10K	71	C	321	0	313	1	7	0	0.9750778816199377	E3.10K	C	559	1	541	1	16	0	0.9677996422182469
E3.10K	72	G	328	6	0	313	9	0	0.9542682926829268	E3.10K	G	575	18	0	539	18	0	0.9373913043478261
E3.10K	73	G	328	4	0	324	0	0	0.9878048780487805	E3.10K	G	579	8	1	570	0	0	0.9844559585492227
E3.10K	74	C	330	1	326	0	3	0	0.9878787878787879	E3.10K	C	581	1	574	0	6	0	0.9879518072289156
E3.10K	75	G	335	1	1	331	0	2	0.9880597014925373	E3.10K	G	583	2	0	580	1	0	0.9948542024013722
E3.10K	76	C	329	0	325	0	4	0	0.9878419452887538	E3.10K	C	578	0	575	0	3	0	0.9948096885813149
E3.10K	77	C	339	0	339	0	0	0	1.0	E3.10K	C	588	0	587	0	1	0	0.9982993197278912
E3.10K	78	G	338	20	0	318	0	0	0.9408284023668639	E3.10K	G	586	28	0	558	0	0	0.9522184300341296
E3.10K	79	G	336	1	1	333	1	0	0.9910714285714286	E3.10K	G	585	1	0	583	1	0	0.9965811965811966
E3.10K	80	C	331	1	330	0	0	0	0.9969788519637462	E3.10K	C	574	1	571	0	2	0	0.9947735191637631
E3.10K	81	C	333	0	333	0	0	0	1.0	E3.10K	C	578	4	571	0	3	0	0.9878892733564014
E3.10K	82	G	421	12	1	318	0	90	0.7553444180522565	E3.10K	G	690	19	4	547	2	118	0.7927536231884058
E3.10K	83	T	182	7	61	0	114	0	0.6263736263736264	E3.10K	T	309	13	135	1	160	0	0.517799352750809
E3.10K	84	C	202	29	111	9	53	0	0.5495049504950495	E3.10K	C	362	37	180	12	133	0	0.4972375690607735
E3.10K	85	C	273	12	223	0	38	0	0.8168498168498168	E3.10K	C	499	23	411	0	65	0	0.8236472945891784
E3.10K	86	T	198	18	5	0	175	0	0.8838383838383839	E3.10K	T	361	23	8	1	329	0	0.9113573407202216
E3.10K	87	T	337	13	5	0	319	0	0.9465875370919882	E3.10K	T	585	21	6	1	557	0	0.9521367521367521
E3.10K	88	C	335	2	317	0	16	0	0.9462686567164179	E3.10K	C	582	2	568	0	11	1	0.9759450171821306
E3.10K	89	A	341	331	1	1	3	5	0.9706744868035191	E3.10K	A	586	575	5	1	4	1	0.9812286689419796
E3.10K	90	T	175	16	8	0	151	0	0.8628571428571429	E3.10K	T	246	16	20	0	210	0	0.8536585365853658
E3.10K	91	T	310	23	22	1	264	0	0.8516129032258064	E3.10K	T	546	35	18	0	493	0	0.9029304029304029
E3.10K	92	C	296	2	285	0	9	0	0.9628378378378378	E3.10K	C	521	1	509	0	11	0	0.9769673704414588
E3.10K	93	A	338	334	1	0	3	0	0.9881656804733728	E3.10K	A	595	588	2	0	5	0	0.9882352941176471
E3.10K	94	C	346	0	340	0	6	0	0.9826589595375722	E3.10K	C	597	0	596	0	1	0	0.998324958123953
E3.10K	95	G	348	1	1	344	0	2	0.9885057471264368	E3.10K	G	609	2	0	594	1	12	0.9753694581280788
E3.10K	96	C	348	1	346	0	1	0	0.9942528735632183	E3.10K	C	595	0	587	0	8	0	0.9865546218487395
E3.10K	97	C	355	5	339	0	0	11	0.9549295774647887	E3.10K	C	607	7	581	0	1	18	0.957166392092257
E3.10K	98	T	346	5	11	0	329	1	0.9508670520231214	E3.10K	T	577	5	15	1	556	0	0.9636048526863085
E3.10K	99	C	356	0	327	0	20	9	0.9185393258426966	E3.10K	C	595	1	542	0	48	4	0.9109243697478991
E3.10K	100	G	367	3	0	342	5	17	0.9318801089918256	E3.10K	G	628	2	1	588	8	29	0.9363057324840764
E3.10K	101	T	345	4	24	5	312	0	0.9043478260869565	E3.10K	T	591	6	63	8	514	0	0.8697123519458545
E3.10K	102	C	358	0	354	0	1	3	0.9888268156424581	E3.10K	C	621	2	604	0	3	12	0.9726247987117552
E3.10K	103	A	371	315	1	39	1	15	0.8490566037735849	E3.10K	A	641	551	3	56	0	31	0.859594383775351
E3.10K	104	G	361	0	0	360	1	0	0.997229916897507	E3.10K	G	618	0	0	615	2	1	0.9951456310679612
E3.10K	105	G	368	1	0	366	0	1	0.9945652173913043	E3.10K	G	621	2	0	618	0	1	0.9951690821256038
E3.10K	106	C	390	0	365	0	1	24	0.9358974358974359	E3.10K	C	639	1	614	1	2	21	0.9608763693270735
E3.10K	107	A	360	354	1	3	2	0	0.9833333333333333	E3.10K	A	603	586	1	10	6	0	0.9718076285240465
E3.10K	108	A	374	355	1	5	3	10	0.9491978609625669	E3.10K	A	618	593	2	9	7	7	0.959546925566343
E3.10K	109	T	384	8	2	5	352	17	0.9166666666666666	E3.10K	T	643	3	1	12	602	25	0.9362363919129082
E3.10K	110	C	371	2	361	2	3	3	0.9730458221024259	E3.10K	C	622	1	619	2	0	0	0.9951768488745981
E3.10K	111	C	368	1	367	0	0	0	0.9972826086956522	E3.10K	C	623	6	615	0	0	2	0.9871589085072231
E3.10K	112	T	345	0	5	0	340	0	0.9855072463768116	E3.10K	T	582	1	14	0	567	0	0.9742268041237113
E3.10K	113	A	362	360	1	0	1	0	0.994475138121547	E3.10K	A	600	596	4	0	0	0	0.9933333333333333
E3.10K	114	A	357	354	0	0	3	0	0.9915966386554622	E3.10K	A	588	583	0	0	5	0	0.9914965986394558
E3.10K	115	C	306	0	300	0	6	0	0.9803921568627451	E3.10K	C	543	2	523	0	18	0	0.9631675874769797
E3.10K	116	T	316	21	0	1	294	0	0.930379746835443	E3.10K	T	574	27	1	1	545	0	0.9494773519163763
E3.10K	117	C	334	5	297	0	32	0	0.8892215568862275	E3.10K	C	531	11	470	0	50	0	0.8851224105461394
E3.10K	118	T	356	12	0	16	328	0	0.9213483146067416	E3.10K	T	582	14	1	19	548	0	0.9415807560137457
E3.10K	119	G	342	9	0	332	1	0	0.9707602339181286	E3.10K	G	574	16	0	550	8	0	0.9581881533101045
E3.10K	120	C	359	17	334	0	8	0	0.9303621169916435	E3.10K	C	604	48	536	0	19	1	0.8874172185430463
E3.10K	121	A	369	364	0	5	0	0	0.986449864498645	E3.10K	A	622	613	0	5	4	0	0.9855305466237942
E3.10K	122	G	386	0	0	377	0	9	0.9766839378238342	E3.10K	G	645	0	0	636	1	8	0.986046511627907
E3.10K	123	A	405	367	0	1	9	28	0.9061728395061729	E3.10K	A	659	621	2	1	13	22	0.9423368740515933
E3.10K	124	C	374	0	372	0	2	0	0.9946524064171123	E3.10K	C	633	0	623	0	10	0	0.9842022116903634
E3.10K	125	C	378	10	367	0	1	0	0.9708994708994709	E3.10K	C	640	17	614	0	8	1	0.959375
E3.10K	126	T	372	1	11	1	359	0	0.9650537634408602	E3.10K	T	628	2	18	1	607	0	0.9665605095541401
E3.10K	127	C	383	1	361	4	15	2	0.9425587467362925	E3.10K	C	641	1	605	1	34	0	0.9438377535101404
E3.10K	128	G	396	1	0	365	23	7	0.9217171717171717	E3.10K	G	666	2	4	622	20	18	0.933933933933934
E3.10K	129	T	367	3	2	20	342	0	0.9318801089918256	E3.10K	T	602	7	6	23	566	0	0.9401993355481728
E3.10K	130	C	391	2	382	1	1	5	0.9769820971867008	E3.10K	C	650	0	644	3	0	3	0.9907692307692307
E3.10K	131	C	403	0	385	1	1	16	0.9553349875930521	E3.10K	C	673	4	637	0	4	28	0.9465081723625557
E3.10K	132	T	381	26	1	0	354	0	0.9291338582677166	E3.10K	T	642	49	1	1	591	0	0.9205607476635514
E3.10K	133	C	378	8	285	0	85	0	0.753968253968254	E3.10K	C	612	7	430	2	173	0	0.7026143790849673
E3.10K	134	T	387	12	2	0	373	0	0.9638242894056848	E3.10K	T	645	9	5	1	628	2	0.9736434108527132
E3.10K	135	G	399	6	1	383	1	8	0.9598997493734336	E3.10K	G	674	4	0	646	3	21	0.9584569732937686
E3.10K	136	A	369	367	0	2	0	0	0.994579945799458	E3.10K	A	618	613	0	5	0	0	0.9919093851132686
E3.10K	137	G	374	10	0	361	3	0	0.9652406417112299	E3.10K	G	634	19	0	615	0	0	0.9700315457413249
E3.10K	138	C	386	21	348	3	4	10	0.9015544041450777	E3.10K	C	621	31	574	2	11	3	0.9243156199677939
E3.10K	139	C	379	1	340	1	37	0	0.8970976253298153	E3.10K	C	628	1	569	1	57	0	0.9060509554140127
E3.10K	140	G	393	5	0	383	1	4	0.9745547073791349	E3.10K	G	639	3	0	630	2	4	0.9859154929577465
E3.10K	141	C	390	0	373	1	16	0	0.9564102564102565	E3.10K	C	653	0	633	0	18	2	0.9693721286370597
E3.10K	142	G	389	8	0	377	2	2	0.9691516709511568	E3.10K	G	648	8	1	633	0	6	0.9768518518518519
E3.10K	143	C	361	7	347	0	7	0	0.961218836565097	E3.10K	C	603	9	581	0	13	0	0.9635157545605307
E3.10K	144	T	387	17	1	5	347	17	0.896640826873385	E3.10K	T	632	29	2	3	583	15	0.9224683544303798
E3.10K	145	C	366	2	336	0	28	0	0.9180327868852459	E3.10K	C	576	2	497	0	77	0	0.8628472222222222
E3.10K	146	T	387	2	2	0	383	0	0.9896640826873385	E3.10K	T	649	3	1	2	643	0	0.9907550077041603
E3.10K	147	G	379	5	0	373	1	0	0.9841688654353562	E3.10K	G	637	8	0	627	2	0	0.9843014128728415
E3.10K	148	G	406	11	0	379	0	16	0.9334975369458128	E3.10K	G	668	14	0	641	0	13	0.9595808383233533
E3.10K	149	A	384	384	0	0	0	0	1.0	E3.10K	A	638	637	0	0	1	0	0.9984326018808778
E3.10K	150	G	399	6	1	391	1	0	0.9799498746867168	E3.10K	G	657	8	0	649	0	0	0.9878234398782344
E3.10K	151	G	401	1	0	397	1	2	0.9900249376558603	E3.10K	G	662	0	0	655	4	3	0.9894259818731118
E3.10K	152	C	400	0	396	0	2	2	0.99	E3.10K	C	663	0	653	0	5	5	0.9849170437405732
E3.10K	153	A	385	384	0	1	0	0	0.9974025974025974	E3.10K	A	627	626	0	0	1	0	0.9984051036682615
E3.10K	154	T	383	0	6	1	376	0	0.9817232375979112	E3.10K	T	631	1	8	0	622	0	0.9857369255150554
E3.10K	155	T	399	0	1	1	396	1	0.9924812030075187	E3.10K	T	665	1	0	1	660	3	0.9924812030075187
E3.10K	156	G	385	4	0	379	2	0	0.9844155844155844	E3.10K	G	631	10	0	620	1	0	0.9825673534072901
E3.10K	157	G	402	2	0	397	1	2	0.9875621890547264	E3.10K	G	663	0	0	662	1	0	0.9984917043740573
E3.10K	158	A	392	390	0	0	2	0	0.9948979591836735	E3.10K	A	659	657	0	1	1	0	0.9969650986342944
E3.10K	159	A	405	397	0	0	0	8	0.980246913580247	E3.10K	A	671	660	2	0	0	9	0.9836065573770492
E3.10K	160	C	340	1	339	0	0	0	0.9970588235294118	E3.10K	C	610	1	607	0	2	0	0.9950819672131147
E3.10K	161	T	336	21	3	1	311	0	0.9255952380952381	E3.10K	T	605	16	0	0	589	0	0.9735537190082645
E3.10K	162	C	374	4	342	1	27	0	0.9144385026737968	E3.10K	C	635	2	607	1	25	0	0.9559055118110236
E3.10K	163	T	381	3	1	3	374	0	0.9816272965879265	E3.10K	T	632	4	1	8	619	0	0.9794303797468354
E3.10K	164	G	392	4	0	384	4	0	0.9795918367346939	E3.10K	G	659	8	0	642	8	1	0.9742033383915023
E3.10K	165	C	403	6	372	0	18	7	0.9230769230769231	E3.10K	C	680	7	623	0	27	23	0.9161764705882353
E3.10K	166	A	395	391	0	2	2	0	0.9898734177215189	E3.10K	A	652	644	0	1	7	0	0.9877300613496932
E3.10K	167	A	399	396	0	2	0	1	0.9924812030075187	E3.10K	A	656	649	0	6	1	0	0.989329268292683
E3.10K	168	T	384	3	2	0	379	0	0.9869791666666666	E3.10K	T	633	4	3	0	626	0	0.9889415481832543
E3.10K	169	T	384	1	16	0	367	0	0.9557291666666666	E3.10K	T	649	6	46	0	597	0	0.9198767334360555
E3.10K	170	T	399	7	15	0	366	11	0.9172932330827067	E3.10K	T	686	15	33	0	608	30	0.8862973760932945
E3.10K	171	A	400	388	2	0	1	9	0.97	E3.10K	A	664	652	0	4	3	5	0.9819277108433735
E3.10K	172	T	406	0	15	0	388	3	0.9556650246305419	E3.10K	T	662	3	37	0	622	0	0.9395770392749244
E3.10K	173	T	405	3	5	2	394	1	0.9728395061728395	E3.10K	T	654	1	20	2	631	0	0.9648318042813455
E3.10K	174	G	375	2	0	371	2	0	0.9893333333333333	E3.10K	G	615	2	0	609	4	0	0.9902439024390244
E3.10K	175	A	379	378	0	1	0	0	0.9973614775725593	E3.10K	A	618	617	1	0	0	0	0.9983818770226537
E3.10K	176	G	376	6	0	370	0	0	0.9840425531914894	E3.10K	G	627	12	4	609	2	0	0.9712918660287081
E3.10K	177	G	390	0	0	390	0	0	1.0	E3.10K	G	647	0	0	647	0	0	1.0
E3.10K	178	A	390	389	0	1	0	0	0.9974358974358974	E3.10K	A	642	640	0	2	0	0	0.9968847352024922
E3.10K	179	G	405	0	0	402	0	3	0.9925925925925926	E3.10K	G	667	0	0	661	0	6	0.9910044977511244
E3.10K	180	T	374	0	1	3	370	0	0.9893048128342246	E3.10K	T	612	1	1	0	610	0	0.9967320261437909
E3.10K	181	T	412	0	27	0	377	8	0.9150485436893204	E3.10K	T	683	1	54	0	615	13	0.9004392386530015
E3.10K	182	T	410	1	6	0	401	2	0.9780487804878049	E3.10K	T	671	1	17	0	651	2	0.970193740685544
E3.10K	183	G	417	4	0	411	0	2	0.9856115107913669	E3.10K	G	691	1	1	680	0	9	0.984081041968162
E3.10K	184	T	418	0	9	0	409	0	0.9784688995215312	E3.10K	T	690	0	14	0	670	6	0.9710144927536232
E3.10K	185	G	418	0	1	417	0	0	0.9976076555023924	E3.10K	G	684	0	0	682	1	1	0.9970760233918129
E3.10K	186	C	418	3	410	0	1	4	0.9808612440191388	E3.10K	C	695	0	679	0	1	15	0.9769784172661871
E3.10K	187	C	427	1	418	0	0	8	0.9789227166276346	E3.10K	C	684	0	679	0	0	5	0.9926900584795322
E3.10K	188	A	412	410	1	0	1	0	0.9951456310679612	E3.10K	A	677	670	0	5	0	2	0.9896602658788775
E3.10K	189	T	419	3	5	1	407	3	0.9713603818615751	E3.10K	T	687	4	12	1	662	8	0.9636098981077147
E3.10K	190	C	324	2	305	5	12	0	0.941358024691358	E3.10K	C	489	5	459	8	17	0	0.9386503067484663
E3.10K	191	G	415	10	0	395	10	0	0.9518072289156626	E3.10K	G	681	19	1	657	3	1	0.9647577092511013
E3.10K	192	G	434	1	2	409	3	19	0.9423963133640553	E3.10K	G	720	1	3	667	11	38	0.9263888888888889
E3.10K	193	T	396	2	1	1	392	0	0.98989898989899	E3.10K	T	649	5	4	0	640	0	0.9861325115562404
E3.10K	194	C	408	9	366	0	23	10	0.8970588235294118	E3.10K	C	657	6	603	2	34	12	0.9178082191780822
E3.10K	195	T	366	5	10	0	351	0	0.9590163934426229	E3.10K	T	623	12	13	0	598	0	0.9598715890850722
E3.10K	196	A	412	404	5	0	3	0	0.9805825242718447	E3.10K	A	681	661	3	1	6	10	0.9706314243759178
E3.10K	197	C	390	4	363	0	23	0	0.9307692307692308	E3.10K	C	642	1	620	0	21	0	0.9657320872274143
E3.10K	198	T	363	10	3	0	350	0	0.9641873278236914	E3.10K	T	575	7	4	0	564	0	0.9808695652173913
E3.10K	199	T	422	4	40	0	368	10	0.8720379146919431	E3.10K	T	689	8	56	0	611	14	0.8867924528301887
E3.10K	200	T	417	1	51	0	364	1	0.8729016786570744	E3.10K	T	689	1	99	0	582	7	0.8447024673439768
E3.10K	201	A	420	418	1	0	1	0	0.9952380952380953	E3.10K	A	686	684	1	0	1	0	0.9970845481049563
E3.10K	202	A	421	419	0	0	2	0	0.995249406175772	E3.10K	A	692	678	1	0	10	3	0.9797687861271677
E3.10K	203	C	396	3	389	0	4	0	0.9823232323232324	E3.10K	C	647	2	641	0	4	0	0.990726429675425
E3.10K	204	C	418	1	417	0	0	0	0.9976076555023924	E3.10K	C	685	0	683	0	2	0	0.997080291970803
E3.10K	205	C	439	0	414	0	1	24	0.9430523917995444	E3.10K	C	750	2	675	0	2	71	0.9
E3.10K	206	C	375	9	359	0	7	0	0.9573333333333334	E3.10K	C	576	14	539	0	23	0	0.9357638888888888
E3.10K	207	T	232	46	10	1	175	0	0.7543103448275862	E3.10K	T	370	92	20	1	257	0	0.6945945945945946
E3.10K	208	T	389	115	34	0	238	2	0.6118251928020566	E3.10K	T	630	176	51	3	396	4	0.6285714285714286
E3.10K	209	C	377	35	331	0	11	0	0.8779840848806366	E3.10K	C	601	86	501	1	13	0	0.8336106489184693
E3.10K	210	T	380	109	9	17	242	3	0.6368421052631579	E3.10K	T	596	183	18	28	367	0	0.6157718120805369
E3.10K	211	C	400	62	235	6	81	16	0.5875	E3.10K	C	642	92	392	8	125	25	0.6105919003115264
E3.10K	212	G	425	74	5	346	0	0	0.8141176470588235	E3.10K	G	695	136	2	548	2	7	0.7884892086330936
E3.10K	213	G	432	8	1	423	0	0	0.9791666666666666	E3.10K	G	704	11	0	692	1	0	0.9829545454545454
E3.10K	214	G	435	6	2	425	2	0	0.9770114942528736	E3.10K	G	701	4	2	694	1	0	0.9900142653352354
E3.10K	215	A	443	423	1	0	8	11	0.9548532731376975	E3.10K	A	694	676	3	2	7	6	0.9740634005763689
E3.10K	216	C	320	1	313	2	4	0	0.978125	E3.10K	C	479	0	473	1	5	0	0.9874739039665971
E3.10K	217	C	307	2	303	1	1	0	0.9869706840390879	E3.10K	C	466	4	457	1	4	0	0.98068669527897
E3.10K	218	T	305	13	9	0	278	5	0.9114754098360656	E3.10K	T	486	33	11	0	428	14	0.8806584362139918
E3.10K	219	C	441	0	438	1	2	0	0.9931972789115646	E3.10K	C	716	0	715	1	0	0	0.9986033519553073
E3.10K	220	C	445	2	442	1	0	0	0.9932584269662922	E3.10K	C	724	1	720	1	0	2	0.994475138121547
E3.10K	221	C	449	0	447	1	0	1	0.9955456570155902	E3.10K	C	722	0	721	0	1	0	0.9986149584487535
E3.10K	222	G	446	24	0	419	3	0	0.9394618834080718	E3.10K	G	722	49	0	672	1	0	0.9307479224376731
E3.10K	223	G	451	0	1	448	0	2	0.9933481152993349	E3.10K	G	727	0	0	725	1	1	0.9972489683631361
E3.10K	224	C	447	0	447	0	0	0	1.0	E3.10K	C	731	0	727	0	1	3	0.9945280437756497
E3.10K	225	C	447	0	446	0	1	0	0.9977628635346756	E3.10K	C	728	0	726	0	0	2	0.9972527472527473
E3.10K	226	A	442	441	0	1	0	0	0.997737556561086	E3.10K	A	709	705	0	1	3	0	0.9943582510578279
E3.10K	227	C	439	0	426	0	13	0	0.9703872437357631	E3.10K	C	714	0	679	0	35	0	0.9509803921568627
E3.10K	228	T	448	0	3	0	438	7	0.9776785714285714	E3.10K	T	721	1	0	0	715	5	0.9916782246879334
E3.10K	229	A	445	441	1	3	0	0	0.9910112359550561	E3.10K	A	717	709	2	4	2	0	0.9888423988842399
E3.10K	230	T	457	0	7	3	434	13	0.949671772428884	E3.10K	T	742	5	8	11	702	16	0.9460916442048517
E3.10K	231	C	447	0	447	0	0	0	1.0	E3.10K	C	724	1	719	0	2	2	0.9930939226519337
E3.10K	232	C	452	2	447	0	0	3	0.9889380530973452	E3.10K	C	734	3	723	1	1	6	0.9850136239782016
E3.10K	233	G	450	8	0	442	0	0	0.9822222222222222	E3.10K	G	734	14	0	717	0	3	0.9768392370572208
E3.10K	234	G	456	1	0	450	0	5	0.9868421052631579	E3.10K	G	750	1	0	730	0	19	0.9733333333333334
E3.10K	235	A	456	446	0	0	0	10	0.9780701754385965	E3.10K	A	740	725	0	1	2	12	0.9797297297297297
E3.10K	236	T	455	0	4	0	445	6	0.978021978021978	E3.10K	T	734	1	10	0	719	4	0.9795640326975477
E3.10K	237	C	459	2	445	0	4	8	0.9694989106753813	E3.10K	C	743	1	725	0	4	13	0.9757738896366084
E3.10K	238	A	439	426	1	9	3	0	0.9703872437357631	E3.10K	A	714	698	1	10	5	0	0.9775910364145658
E3.10K	239	A	468	430	6	12	4	16	0.9188034188034188	E3.10K	A	749	699	10	20	3	17	0.9332443257676902
E3.10K	240	T	463	2	6	5	435	15	0.9395248380129589	E3.10K	T	727	2	6	5	701	13	0.9642365887207703
E3.10K	241	T	471	1	50	0	405	15	0.8598726114649682	E3.10K	T	757	0	71	1	664	21	0.8771466314398944
E3.10K	242	T	465	2	19	0	437	7	0.9397849462365592	E3.10K	T	753	4	35	0	704	10	0.9349269588313412
E3.10K	243	A	501	447	4	5	1	44	0.8922155688622755	E3.10K	A	791	736	4	3	3	45	0.9304677623261695
E3.10K	244	T	447	8	5	0	420	14	0.9395973154362416	E3.10K	T	707	17	4	0	675	11	0.9547383309759547
E3.10K	245	T	459	10	3	0	444	2	0.9673202614379085	E3.10K	T	759	38	12	0	695	14	0.9156785243741765
E3.10K	246	C	456	1	448	0	3	4	0.9824561403508771	E3.10K	C	729	2	725	0	2	0	0.9945130315500685
E3.10K	247	C	468	1	449	0	12	6	0.9594017094017094	E3.10K	C	744	3	725	0	13	3	0.9744623655913979
E3.10K	248	T	447	8	5	3	431	0	0.9642058165548099	E3.10K	T	726	15	8	3	700	0	0.9641873278236914
E3.10K	249	A	441	434	4	0	3	0	0.9841269841269841	E3.10K	A	712	706	2	0	4	0	0.9915730337078652
E3.10K	250	A	455	448	0	1	6	0	0.9846153846153847	E3.10K	A	725	703	1	6	15	0	0.9696551724137931
E3.10K	251	C	443	8	395	0	37	3	0.891647855530474	E3.10K	C	717	13	638	0	62	4	0.8898186889818689
E3.10K	252	T	338	8	8	0	322	0	0.9526627218934911	E3.10K	T	580	8	12	1	559	0	0.9637931034482758
E3.10K	253	T	477	2	33	0	430	12	0.9014675052410901	E3.10K	T	787	2	63	0	696	26	0.8843710292249047
E3.10K	254	T	478	8	7	3	455	5	0.9518828451882845	E3.10K	T	782	9	9	8	751	5	0.9603580562659847
E3.10K	255	G	483	6	3	472	0	2	0.9772256728778468	E3.10K	G	789	2	2	779	2	4	0.9873257287705957
E3.10K	256	A	472	466	0	2	4	0	0.9872881355932204	E3.10K	A	779	772	1	2	4	0	0.9910141206675225
E3.10K	257	C	475	0	450	4	21	0	0.9473684210526315	E3.10K	C	782	1	729	2	50	0	0.9322250639386189
E3.10K	258	G	465	1	8	454	2	0	0.9763440860215054	E3.10K	G	760	0	10	746	4	0	0.9815789473684211
E3.10K	259	C	547	3	527	0	6	11	0.9634369287020109	E3.10K	C	829	1	804	1	17	6	0.9698431845597105
E3.10K	260	G	542	73	0	468	0	1	0.8634686346863468	E3.10K	G	837	101	0	730	4	2	0.8721624850657109
E3.10K	261	G	553	1	0	535	9	8	0.9674502712477396	E3.10K	G	853	2	1	835	7	8	0.9788980070339977
E3.10K	262	T	552	0	0	2	542	8	0.9818840579710145	E3.10K	T	857	1	4	1	837	14	0.9766627771295215
E3.10K	263	A	507	482	13	2	10	0	0.9506903353057199	E3.10K	A	735	716	9	3	7	0	0.9741496598639455
E3.10K	264	A	2947	2928	7	4	7	1	0.993552765524262	E3.10K	A	2864	2845	4	7	8	0	0.9933659217877095
E3.10K	265	A	3036	3017	0	10	4	5	0.9937417654808959	E3.10K	A	2962	2933	2	12	5	10	0.9902093180283592
E3.10K	266	G	3259	3	0	3256	0	0	0.9990794722307457	E3.10K	G	3160	3	0	3156	1	0	0.9987341772151899
E3.10K	267	G	3459	2	0	3453	0	4	0.9982653946227233	E3.10K	G	3354	1	1	3348	1	3	0.998211091234347
E3.10K	268	A	3453	3439	2	3	6	3	0.9959455545902114	E3.10K	A	3373	3342	3	1	8	19	0.9908093685146754
E3.10K	269	C	3868	1	3439	0	7	421	0.8890899689762151	E3.10K	C	3748	6	3338	0	12	392	0.8906083244397012
E3.10K	270	T	3558	93	4	1	3437	23	0.9659921304103429	E3.10K	T	3449	102	7	0	3312	28	0.9602783415482748
E3.10K	271	C	3380	2	3224	1	153	0	0.9538461538461539	E3.10K	C	3254	1	3074	1	178	0	0.9446834665027658
E3.10K	272	G	3519	76	3	3247	193	0	0.9227053140096618	E3.10K	G	3398	61	2	3132	203	0	0.9217186580341378
E3.10K	273	G	3642	18	20	3583	16	5	0.9838001098297638	E3.10K	G	3506	19	27	3428	15	17	0.9777524244152881
E3.10K	274	C	3675	0	3617	5	39	14	0.9842176870748299	E3.10K	C	3525	7	3461	2	39	16	0.9818439716312056
E3.10K	275	G	3695	73	0	3614	8	0	0.9780784844384303	E3.10K	G	3536	62	0	3466	8	0	0.9802036199095022
E3.10K	276	G	3753	1	0	3736	0	16	0.9954702904343192	E3.10K	G	3579	0	1	3572	0	6	0.9980441464096116
E3.10K	277	A	3738	3730	1	0	2	5	0.9978598180845372	E3.10K	A	3580	3569	0	0	3	8	0.996927374301676
E3.10K	278	C	3731	0	3716	0	6	9	0.9959796301259716	E3.10K	C	3574	0	3563	1	2	8	0.9969222160044767
E3.10K	279	G	3704	64	0	3628	12	0	0.9794816414686826	E3.10K	G	3553	53	2	3483	7	8	0.9802983394314664
E3.10K	280	G	3718	83	0	3622	13	0	0.9741796664873588	E3.10K	G	3564	112	0	3440	12	0	0.9652076318742986
E3.10K	281	C	3774	44	3629	0	43	58	0.9615792262851086	E3.10K	C	3641	84	3446	0	32	79	0.9464432848118649
E3.10K	282	T	3673	5	4	0	3662	2	0.9970051728832018	E3.10K	T	3502	4	9	0	3489	0	0.9962878355225585
E3.10K	283	A	3701	3685	3	1	12	0	0.9956768440961902	E3.10K	A	3544	3530	4	4	6	0	0.9960496613995485
E3.10K	284	C	3720	1	3633	2	78	6	0.9766129032258064	E3.10K	C	3587	0	3479	3	86	19	0.9698912740451631
E3.10K	285	G	3800	3	1	3703	1	92	0.9744736842105263	E3.10K	G	3669	5	3	3550	2	109	0.967566094303625
E3.10K	286	A	3576	3530	1	29	16	0	0.9871364653243848	E3.10K	A	3412	3360	3	27	22	0	0.984759671746776
E3.10K	287	C	3696	15	3577	5	99	0	0.9678030303030303	E3.10K	C	3532	20	3390	7	115	0	0.9597961494903737
E3.10K	288	T	3761	14	2	9	3700	36	0.9837809093326243	E3.10K	T	3599	18	0	8	3546	27	0.9852736871353154
E3.10K	289	G	3938	14	0	3718	2	204	0.9441340782122905	E3.10K	G	3793	23	0	3555	0	215	0.9372528341682046
E3.10K	290	A	3726	3719	2	4	1	0	0.9981213097155126	E3.10K	A	3572	3568	1	1	2	0	0.9988801791713325
E3.10K	291	A	3772	3740	4	4	9	15	0.9915164369034994	E3.10K	A	3604	3573	4	4	11	12	0.9913984461709212
E3.10K	292	T	3828	9	59	14	3595	151	0.9391327063740856	E3.10K	T	3614	6	58	10	3449	91	0.954344216934145
E3.10K	293	G	3783	7	19	3641	8	108	0.9624636531853027	E3.10K	G	3674	4	10	3502	4	154	0.9531845400108874
E3.10K	294	T	3533	31	206	166	3130	0	0.8859326351542598	E3.10K	T	3390	30	162	110	3088	0	0.9109144542772861
E3.10K	295	T	3819	27	71	8	3640	73	0.9531290913851793	E3.10K	T	3642	27	74	7	3468	66	0.9522240527182867
E3.10K	296	A	3319	3060	13	33	213	0	0.9219644471226273	E3.10K	A	3225	2978	9	29	209	0	0.9234108527131782
E3.10K	297	A	3788	3102	1	581	14	90	0.8189017951425555	E3.10K	A	3612	3002	2	505	11	92	0.8311184939091916
E3.10K	298	G	3738	2	6	3725	5	0	0.9965222043873729	E3.10K	G	3553	2	5	3540	6	0	0.9963411201801294
E3.10K	299	T	3766	10	10	10	3716	20	0.9867233138608603	E3.10K	T	3604	4	9	14	3545	32	0.9836293007769146
E3.10K	300	G	3361	115	3	3235	8	0	0.9625111573936328	E3.10K	G	3199	121	2	3068	8	0	0.9590497030321976
E3.10K	301	G	3577	49	0	3506	22	0	0.9801509644953872	E3.10K	G	3421	65	5	3333	18	0	0.9742765273311897
E3.10K	302	A	3678	3621	0	21	5	31	0.9845024469820555	E3.10K	A	3502	3454	1	13	12	22	0.9862935465448315
E3.10K	303	G	3770	3	0	3765	2	0	0.9986737400530504	E3.10K	G	3606	4	0	3600	2	0	0.9983361064891847
E3.10K	304	A	3754	3648	2	11	85	8	0.9717634523175279	E3.10K	A	3588	3468	1	11	108	0	0.9665551839464883
E3.10K	305	G	3738	48	0	3687	3	0	0.9863563402889246	E3.10K	G	3561	55	0	3499	7	0	0.9825891603482168
E3.10K	306	G	3778	8	1	3760	4	5	0.9952355743779777	E3.10K	G	3589	6	1	3579	1	2	0.9972137085539148
E3.10K	307	C	3819	13	3745	2	22	37	0.980623199790521	E3.10K	C	3633	18	3560	2	13	40	0.979906413432425
E3.10K	308	A	3847	3832	0	12	3	0	0.9961008578112815	E3.10K	A	3669	3655	1	11	1	1	0.9961842463886618
E3.10K	309	G	3866	0	1	3849	1	15	0.9956026901189861	E3.10K	G	3696	2	0	3668	0	26	0.9924242424242424
E3.10K	310	A	3860	3858	1	1	0	0	0.9994818652849741	E3.10K	A	3679	3675	0	1	0	3	0.9989127480293558
E3.10K	311	G	3859	2	0	3852	2	3	0.9981860585643949	E3.10K	G	3679	1	1	3673	0	4	0.9983691220440337
E3.10K	312	C	3842	3	3835	1	3	0	0.9981780322748568	E3.10K	C	3658	1	3656	1	0	0	0.9994532531437944
E3.10K	313	A	3661	3651	4	1	5	0	0.9972685058727123	E3.10K	A	3486	3471	6	1	8	0	0.995697074010327
E3.10K	314	A	3845	3825	0	4	15	1	0.9947984395318595	E3.10K	A	3652	3622	2	10	18	0	0.9917853231106243
E3.10K	315	C	3855	7	3672	2	171	3	0.9525291828793774	E3.10K	C	3662	4	3503	4	150	1	0.956581103222283
E3.10K	316	T	3903	8	5	8	3832	50	0.9818088649756598	E3.10K	T	3712	10	10	11	3633	48	0.9787176724137931
E3.10K	317	G	3877	7	0	3821	0	49	0.9855558421459891	E3.10K	G	3653	16	1	3613	1	22	0.9890500958116617
E3.10K	318	C	3840	4	3597	0	220	19	0.93671875	E3.10K	C	3647	5	3396	0	233	13	0.9311763092953113
E3.10K	319	G	3883	3	1	3843	8	28	0.9896986865825392	E3.10K	G	3711	4	0	3664	5	38	0.987334950148208
E3.10K	320	C	3847	3	3832	1	11	0	0.9961008578112815	E3.10K	C	3670	2	3665	0	3	0	0.9986376021798365
E3.10K	321	C	3913	5	3856	1	3	48	0.9854331714796831	E3.10K	C	3709	7	3663	4	0	35	0.9875977352386088
E3.10K	322	T	3833	31	10	59	3733	0	0.973910774849987	E3.10K	T	3640	35	11	49	3545	0	0.9739010989010989
E3.10K	323	G	3956	4	1	3864	0	87	0.9767441860465116	E3.10K	G	3777	4	1	3682	1	89	0.9748477627746889
E3.10K	324	A	3714	3701	0	13	0	0	0.9964997307485192	E3.10K	A	3523	3512	0	11	0	0	0.9968776610843032
E3.10K	325	A	3821	3812	1	1	7	0	0.9976445956555875	E3.10K	A	3637	3631	1	1	4	0	0.9983502886994776
E3.10K	326	A	3648	3543	16	4	85	0	0.9712171052631579	E3.10K	A	3457	3373	16	2	66	0	0.975701475267573
E3.10K	327	C	3667	3	3588	0	50	26	0.9784565039541859	E3.10K	C	3438	7	3397	0	34	0	0.9880744618964514
E3.10K	328	A	3889	3761	10	3	61	54	0.9670866546670095	E3.10K	A	3684	3599	4	2	52	27	0.9769272529858849
E3.10K	329	C	3853	3	3816	2	32	0	0.99039709317415	E3.10K	C	3699	1	3675	0	23	0	0.9935117599351176
E3.10K	330	C	3909	5	3861	1	23	19	0.9877206446661551	E3.10K	C	3731	4	3695	0	17	15	0.9903511123023319
E3.10K	331	T	3868	29	28	5	3805	1	0.983712512926577	E3.10K	T	3696	39	25	4	3623	5	0.9802489177489178
E3.10K	332	G	3720	16	2	3697	5	0	0.9938172043010752	E3.10K	G	3547	9	2	3528	8	0	0.994643360586411
E3.10K	333	G	3924	6	35	3844	12	27	0.9796126401630989	E3.10K	G	3725	6	24	3670	10	15	0.9852348993288591
E3.10K	334	T	3954	45	23	4	3815	67	0.9648457258472433	E3.10K	T	3741	31	14	4	3656	36	0.9772788024592355
E3.10K	335	C	3923	3	3879	0	2	39	0.9887840938057609	E3.10K	C	3737	2	3698	2	1	34	0.9895638212469896
E3.10K	336	C	3808	0	3806	0	2	0	0.9994747899159664	E3.10K	C	3624	0	3623	0	1	0	0.9997240618101545
E3.10K	337	A	3661	3485	37	6	133	0	0.9519257033597378	E3.10K	A	3453	3285	26	6	136	0	0.9513466550825369
E3.10K	338	C	3910	5	3649	6	223	27	0.9332480818414323	E3.10K	C	3748	7	3434	7	262	38	0.916221985058698
E3.10K	339	T	3928	11	8	3	3865	41	0.9839613034623218	E3.10K	T	3757	22	5	10	3673	47	0.9776417354272026
E3.10K	340	G	4000	45	3	3857	3	92	0.96425	E3.10K	G	3802	78	0	3651	2	71	0.9602840610205156
E3.10K	341	T	3846	7	73	9	3757	0	0.9768590743629745	E3.10K	T	3668	2	55	13	3598	0	0.9809160305343512
E3.10K	342	C	3814	7	3762	0	45	0	0.9863660199265862	E3.10K	C	3643	10	3600	0	33	0	0.9881965413121054
E3.10K	343	G	3856	20	2	3809	18	7	0.9878112033195021	E3.10K	G	3694	19	2	3654	15	4	0.9891716296697347
E3.10K	344	C	3845	13	3808	1	23	0	0.9903771131339402	E3.10K	C	3684	14	3646	1	23	0	0.989685124864278
E3.10K	345	C	3963	3	3892	0	19	49	0.9820842795861721	E3.10K	C	3790	9	3727	1	15	38	0.983377308707124
E3.10K	346	G	3947	31	3	3824	55	34	0.9688370914618698	E3.10K	G	3788	32	3	3666	48	39	0.96779303062302
E3.10K	347	C	3902	11	3844	0	22	25	0.9851358277806254	E3.10K	C	3717	7	3667	0	37	6	0.9865482916330374
E3.10K	348	C	3954	5	3850	1	18	80	0.973697521497218	E3.10K	C	3793	4	3694	1	8	86	0.9738992881624045
E3.10K	349	A	3865	3356	5	6	469	29	0.8683053040103493	E3.10K	A	3697	3257	7	9	392	32	0.8809845820935894
E3.10K	350	C	4034	0	3691	1	214	128	0.914972731779871	E3.10K	C	3873	2	3523	7	206	135	0.9096307771753163
E3.10K	351	A	3479	2961	424	73	21	0	0.8511066398390342	E3.10K	A	3210	2714	396	85	15	0	0.8454828660436137
E3.10K	352	A	3945	3625	6	293	15	6	0.9188846641318125	E3.10K	A	3776	3430	3	329	5	9	0.9083686440677966
E3.10K	353	G	3954	1	5	3932	4	12	0.9944360141628731	E3.10K	G	3773	2	4	3759	5	3	0.9962894248608535
E3.10K	354	T	3955	3	6	2	3923	21	0.9919089759797725	E3.10K	T	3791	3	3	0	3763	22	0.9926140859931416
E3.10K	355	G	3935	43	1	3871	7	13	0.9837357052096569	E3.10K	G	3763	36	1	3707	9	10	0.9851182567100718
E3.10K	356	C	3953	31	3662	8	152	100	0.9263850240323804	E3.10K	C	3739	25	3490	8	157	59	0.9334046536507088
E3.10K	357	T	3279	14	51	2	3212	0	0.9795669411405916	E3.10K	T	3139	8	44	2	3085	0	0.9827970691302963
E3.10K	358	T	4106	10	156	1	3736	203	0.9098879688261081	E3.10K	T	3947	4	212	2	3521	208	0.8920699265264758
E3.10K	359	T	3979	5	140	13	3795	26	0.953757225433526	E3.10K	T	3816	4	151	13	3618	30	0.9481132075471698
E3.10K	360	G	3995	6	14	3931	2	42	0.9839799749687109	E3.10K	G	3818	3	5	3769	8	33	0.9871660555264536
E3.10K	361	C	3936	2	3931	1	2	0	0.998729674796748	E3.10K	C	3768	2	3759	1	6	0	0.9976114649681529
E3.10K	362	C	3980	1	3956	2	1	20	0.9939698492462311	E3.10K	C	3811	2	3790	1	1	17	0.9944896352663343
E3.10K	363	C	3943	2	3907	1	9	24	0.9908698960182603	E3.10K	C	3758	0	3738	3	17	0	0.9946780202235231
E3.10K	364	G	4160	38	7	3850	25	240	0.9254807692307693	E3.10K	G	3948	28	5	3691	28	196	0.934903748733536
E3.10K	365	C	3979	1	3646	1	324	7	0.9163106308117618	E3.10K	C	3799	1	3535	1	256	6	0.9305080284285339
E3.10K	366	G	3985	7	0	3963	5	10	0.9944792973651192	E3.10K	G	3813	7	0	3789	2	15	0.993705743509048
E3.10K	367	A	4004	3954	1	5	6	38	0.9875124875124875	E3.10K	A	3823	3772	1	2	4	44	0.9866596913418781
E3.10K	368	C	3894	9	3841	0	44	0	0.9863893168977915	E3.10K	C	3721	6	3668	0	47	0	0.985756517065305
E3.10K	369	T	3852	265	29	2	3556	0	0.9231568016614745	E3.10K	T	3705	244	23	1	3437	0	0.9276653171390014
E3.10K	370	C	3756	12	3699	1	44	0	0.9848242811501597	E3.10K	C	3547	17	3460	4	66	0	0.9754722300535664
E3.10K	371	C	3969	5	3940	8	14	2	0.9926933736457546	E3.10K	C	3779	5	3741	18	15	0	0.9899444297433183
E3.10K	372	G	4278	34	10	3870	21	343	0.9046283309957924	E3.10K	G	4120	40	7	3660	45	368	0.8883495145631068
E3.10K	373	T	2761	16	142	4	2599	0	0.9413256066642521	E3.10K	T	2653	15	152	3	2483	0	0.9359215981907275
E3.10K	374	T	3461	22	41	17	3370	11	0.9737070210921699	E3.10K	T	3316	28	38	25	3197	28	0.9641133896260555
E3.10K	375	T	3745	48	21	27	3649	0	0.9743658210947931	E3.10K	T	3618	57	11	27	3523	0	0.9737423991155334
E3.10K	376	C	3609	38	3351	2	218	0	0.9285120532003325	E3.10K	C	3452	35	3169	2	246	0	0.918018539976825
E3.10K	377	A	3213	3041	98	0	74	0	0.9464674758792406	E3.10K	A	2965	2756	105	1	103	0	0.9295109612141652
E3.10K	378	A	3973	3829	2	2	140	0	0.9637553486030708	E3.10K	A	3800	3655	4	3	136	2	0.9618421052631579
E3.10K	379	C	3080	51	2044	8	977	0	0.6636363636363637	E3.10K	C	2943	52	1834	7	1050	0	0.6231736323479443
E3.10K	380	C	3995	35	3857	44	49	10	0.9654568210262828	E3.10K	C	3804	25	3711	31	28	9	0.9755520504731862
E3.10K	381	C	3995	122	3678	186	2	7	0.9206508135168961	E3.10K	C	3816	115	3372	317	6	6	0.8836477987421384
E3.10K	382	A	3995	3940	0	46	2	7	0.986232790988736	E3.10K	A	3809	3764	1	37	7	0	0.9881858755578892
E3.10K	383	G	4012	0	0	3993	2	17	0.9952642073778664	E3.10K	G	3813	0	0	3807	2	4	0.998426435877262
E3.10K	384	A	4025	3997	0	2	1	25	0.9930434782608696	E3.10K	A	3836	3801	2	3	3	27	0.9908759124087592
E3.10K	385	C	3975	2	3936	1	36	0	0.990188679245283	E3.10K	C	3796	3	3755	1	34	3	0.9891991570073762
E3.10K	386	G	3978	121	2	3831	21	3	0.9630467571644042	E3.10K	G	3812	97	3	3679	16	17	0.9651101783840503
E3.10K	387	G	3902	4	1	3896	1	0	0.9984623270117888	E3.10K	G	3727	5	1	3720	1	0	0.998121813791253
E3.10K	388	A	3922	3893	0	7	4	18	0.9926058133605303	E3.10K	A	3736	3703	0	16	1	16	0.9911670235546038
E3.10K	389	G	3974	5	1	3965	1	2	0.9977352793155511	E3.10K	G	3792	0	1	3789	2	0	0.9992088607594937
E3.10K	390	T	3988	15	4	4	3943	22	0.9887161484453361	E3.10K	T	3796	10	4	9	3758	15	0.9899894625922023
E3.10K	391	G	4015	25	3	3954	1	32	0.9848069738480697	E3.10K	G	3876	29	3	3767	3	74	0.9718782249742002
E3.10K	392	A	3889	3820	1	67	1	0	0.9822576497814348	E3.10K	A	3727	3633	0	93	1	0	0.9747786423396834
E3.10K	393	G	4123	2	0	3982	4	135	0.9658016007761339	E3.10K	G	3947	2	5	3794	0	146	0.9612363820623259
E3.10K	394	T	3869	5	7	7	3850	0	0.9950891703282502	E3.10K	T	3658	7	4	6	3641	0	0.9953526517222526
E3.10K	395	C	3886	41	3650	22	150	23	0.939269171384457	E3.10K	C	3647	24	3475	17	119	12	0.9528379489991774
E3.10K	396	T	3894	4	50	5	3835	0	0.9848484848484849	E3.10K	T	3711	4	40	4	3663	0	0.9870654810024252
E3.10K	397	A	3949	3936	3	4	6	0	0.9967080273486959	E3.10K	A	3773	3756	7	4	6	0	0.9954943016167506
E3.10K	398	C	4031	1	3926	2	41	61	0.9739518729843711	E3.10K	C	3842	0	3759	4	31	48	0.978396668401874
E3.10K	399	G	3699	75	17	3601	6	0	0.9735063530683968	E3.10K	G	3548	83	18	3446	1	0	0.9712514092446449
E3.10K	400	A	3745	3711	9	11	14	0	0.9909212283044059	E3.10K	A	3597	3569	7	8	11	2	0.9922157353350014
E3.10K	401	G	3974	3	4	3967	0	0	0.998238550578762	E3.10K	G	3799	5	2	3792	0	0	0.9981574098446959
E3.10K	402	A	3993	3992	0	0	1	0	0.9997495617330328	E3.10K	A	3810	3807	1	2	0	0	0.9992125984251968
E3.10K	403	G	3964	0	2	3956	6	0	0.9979818365287588	E3.10K	G	3788	1	1	3785	1	0	0.999208025343189
E3.10K	404	A	4007	3957	4	1	7	38	0.9875218367856251	E3.10K	A	3841	3789	2	0	7	43	0.9864618588909139
E3.10K	405	A	3927	3806	19	2	80	20	0.969187675070028	E3.10K	A	3788	3639	15	2	98	34	0.9606652587117213
E3.10K	406	C	3899	15	3863	0	17	4	0.9907668632982816	E3.10K	C	3731	13	3699	1	18	0	0.9914232109354061
E3.10K	407	C	3599	3	3584	1	11	0	0.9958321756043346	E3.10K	C	3366	4	3346	2	14	0	0.994058229352347
E3.10K	408	T	3633	113	46	1	3419	54	0.9410955133498486	E3.10K	T	3413	116	34	1	3185	77	0.9331966012305889
E3.10K	409	C	3713	34	3576	2	101	0	0.9631026124427686	E3.10K	C	3539	17	3394	2	126	0	0.9590279740039559
E3.10K	410	T	3896	191	83	2	3620	0	0.9291581108829569	E3.10K	T	3707	213	65	2	3427	0	0.9244672241704882
E3.10K	411	C	3872	27	3792	3	30	20	0.9793388429752066	E3.10K	C	3712	15	3626	6	31	34	0.9768318965517241
E3.10K	412	C	4034	28	3864	28	25	89	0.9578582052553297	E3.10K	C	3846	22	3695	24	24	81	0.9607384295371815
E3.10K	413	G	3939	222	37	3567	68	45	0.9055597867479056	E3.10K	G	3782	284	46	3315	67	70	0.8765203595980963
E3.10K	414	A	3881	3751	5	111	14	0	0.9665034784849266	E3.10K	A	3720	3605	4	102	9	0	0.9690860215053764
E3.10K	415	G	4031	8	17	3936	11	59	0.9764326469858596	E3.10K	G	3832	10	8	3758	13	43	0.9806889352818372
E3.10K	416	C	3992	38	3745	106	59	44	0.93812625250501	E3.10K	C	3801	31	3585	82	67	36	0.9431728492501973
E3.10K	417	T	4062	55	114	5	3769	119	0.9278680452978828	E3.10K	T	3883	59	115	5	3588	116	0.9240278135462271
E3.10K	418	C	4018	11	3960	1	5	41	0.9855649576903932	E3.10K	C	3851	7	3782	2	15	45	0.9820825759542976
E3.10K	419	A	3981	3761	49	151	20	0	0.9447375031399146	E3.10K	A	3802	3564	51	162	25	0	0.9374013677012099
E3.10K	420	G	3923	109	8	3784	22	0	0.9645679327045629	E3.10K	G	3729	117	5	3587	20	0	0.9619200858138911
E3.10K	421	C	3938	147	3754	5	32	0	0.9532757745048248	E3.10K	C	3772	167	3567	4	34	0	0.9456521739130435
E3.10K	422	T	3825	37	7	2	3779	0	0.9879738562091503	E3.10K	T	3637	22	6	5	3604	0	0.9909265878471267
E3.10K	423	A	4010	3901	10	7	23	69	0.9728179551122195	E3.10K	A	3825	3731	15	4	16	59	0.9754248366013072
E3.10K	424	C	3967	4	3832	1	97	33	0.965969246281825	E3.10K	C	3807	6	3649	0	104	48	0.9584975045967954
E3.10K	425	T	3945	18	17	0	3893	17	0.9868187579214195	E3.10K	T	3772	21	13	1	3725	12	0.9875397667020148
E3.10K	426	C	4047	18	3925	0	12	92	0.9698542129972819	E3.10K	C	3849	25	3738	1	10	75	0.9711613406079501
E3.10K	427	C	3992	2	3921	1	15	53	0.9822144288577155	E3.10K	C	3833	5	3765	0	10	53	0.9822593268979911
E3.10K	428	A	3968	3866	27	4	13	58	0.9742943548387096	E3.10K	A	3789	3681	25	1	32	50	0.9714964370546318
E3.10K	429	T	3873	32	113	13	3715	0	0.9592047508391428	E3.10K	T	3704	31	91	12	3570	0	0.9638228941684666
E3.10K	430	C	3976	19	3937	1	4	15	0.9901911468812877	E3.10K	C	3805	16	3766	1	3	19	0.9897503285151117
E3.10K	431	A	3984	3953	6	19	3	3	0.992218875502008	E3.10K	A	3800	3769	11	13	5	2	0.9918421052631579
E3.10K	432	G	4030	50	24	3902	1	53	0.9682382133995037	E3.10K	G	3803	71	31	3674	1	26	0.9660794109913227
E3.10K	433	A	1121	1078	8	35	0	0	0.9616413916146298	E3.10K	A	1170	1123	1	45	1	0	0.9598290598290599
E3.10K	434	A	2737	2662	1	68	0	6	0.9725977347460724	E3.10K	A	2692	2598	1	87	0	6	0.9650817236255572
E3.10K	435	A	3827	3810	0	15	2	0	0.9955578782336033	E3.10K	A	3656	3627	1	25	3	0	0.9920678336980306
E3.10K	436	A	3873	3850	10	4	9	0	0.9940614510715208	E3.10K	A	3699	3679	8	2	10	0	0.9945931332792647
E3.10K	437	A	3661	3581	68	0	12	0	0.978148046981699	E3.10K	A	3494	3389	83	0	22	0	0.9699484831139096
E3.10K	438	A	3405	3294	46	1	64	0	0.9674008810572687	E3.10K	A	3190	3071	46	2	71	0	0.9626959247648903
E3.10K	439	C	3368	5	3334	0	29	0	0.9899049881235155	E3.10K	C	3156	3	3124	0	29	0	0.9898605830164765
E3.10K	440	A	3465	3197	18	0	250	0	0.9226551226551226	E3.10K	A	3230	3019	17	2	192	0	0.9346749226006192
E3.10K	441	C	3391	8	3265	1	117	0	0.9628428192273666	E3.10K	C	3139	10	3002	1	126	0	0.9563555272379739
E3.10K	442	C	3878	0	3757	1	40	80	0.9687983496647756	E3.10K	C	3664	2	3561	2	50	49	0.9718886462882096
E3.10K	443	A	3733	3455	4	0	274	0	0.9255290650950978	E3.10K	A	3569	3295	2	0	272	0	0.9232277949005324
E3.10K	444	C	2438	8	2232	1	197	0	0.9155045118949959	E3.10K	C	2153	14	1973	2	164	0	0.9163957268927079
E3.10K	445	C	3110	28	2925	0	157	0	0.9405144694533762	E3.10K	C	2864	37	2668	0	159	0	0.9315642458100558
E3.10K	446	C	2984	87	2340	1	556	0	0.7841823056300268	E3.10K	C	2726	90	2063	0	573	0	0.7567865003668378
E3.10K	447	T	3072	278	22	3	2647	122	0.8616536458333334	E3.10K	T	2790	279	16	1	2402	92	0.860931899641577
E3.10K	448	C	3620	141	3428	2	49	0	0.9469613259668508	E3.10K	C	3434	96	3299	3	36	0	0.9606872451951077
E3.10K	449	C	3492	2	3466	0	24	0	0.9925544100801833	E3.10K	C	3323	1	3300	4	18	0	0.9930785434848028
E3.10K	450	T	3165	17	101	3	3044	0	0.9617693522906793	E3.10K	T	3021	15	89	2	2915	0	0.9649122807017544
E3.10K	451	T	3782	33	36	1	3706	6	0.9799048122686409	E3.10K	T	3587	24	51	0	3497	15	0.974909395037636
E3.10K	452	A	3858	3677	57	1	71	52	0.9530844997407983	E3.10K	A	3592	3465	40	6	81	0	0.9646436525612472
E3.10K	453	C	3955	0	3899	1	15	40	0.9858407079646018	E3.10K	C	3751	4	3698	5	16	28	0.9858704345507865
E3.10K	454	C	3999	7	3953	4	10	25	0.9884971242810703	E3.10K	C	3819	4	3767	3	9	36	0.9863838701230688
E3.10K	455	T	3983	27	67	11	3861	17	0.9693698217424053	E3.10K	T	3812	14	95	8	3666	29	0.9616998950682056
E3.10K	456	G	3976	23	5	3913	17	18	0.9841549295774648	E3.10K	G	3790	30	3	3730	15	12	0.9841688654353562
E3.10K	457	C	4017	7	3902	3	51	54	0.9713716704007966	E3.10K	C	3870	6	3691	5	87	81	0.9537467700258397
E3.10K	458	C	4246	20	3950	3	14	259	0.9302873292510598	E3.10K	C	4044	24	3769	8	12	231	0.9319980217606331
E3.10K	459	G	3855	378	8	3330	139	0	0.8638132295719845	E3.10K	G	3682	395	13	3179	95	0	0.8633894622487779
E3.10K	460	G	3989	45	0	3880	58	6	0.9726748558535974	E3.10K	G	3817	32	3	3719	55	8	0.9743253864291328
E3.10K	461	G	4041	12	3	3975	4	47	0.9836674090571641	E3.10K	G	3852	11	2	3799	3	37	0.9862409138110073
E3.10K	462	A	3984	3961	2	6	11	4	0.9942269076305221	E3.10K	A	3802	3789	1	3	5	4	0.9965807469752762
E3.10K	463	A	3974	3958	3	3	10	0	0.995973829894313	E3.10K	A	3803	3779	3	3	18	0	0.9936891927425716
E3.10K	464	C	3964	0	3925	4	35	0	0.9901614530776993	E3.10K	C	3798	0	3765	8	25	0	0.9913112164296999
E3.10K	465	G	4357	8	7	3936	4	402	0.9033738811108561	E3.10K	G	4112	10	12	3751	3	336	0.9122081712062257
E3.10K	466	T	3891	49	111	2	3643	86	0.9362631714212285	E3.10K	T	3753	38	142	1	3464	108	0.9229949373834266
E3.10K	467	A	3872	3678	101	3	90	0	0.949896694214876	E3.10K	A	3710	3541	75	10	84	0	0.9544474393530997
E3.10K	468	C	4056	14	3933	3	36	70	0.9696745562130178	E3.10K	C	3865	20	3747	4	35	59	0.9694695989650711
E3.10K	469	G	3916	175	82	3653	6	0	0.9328396322778345	E3.10K	G	3728	164	91	3467	6	0	0.9299892703862661
E3.10K	470	A	3955	3860	3	84	5	3	0.9759797724399494	E3.10K	A	3801	3693	1	80	5	22	0.9715864246250987
E3.10K	471	G	4015	3	0	3988	1	23	0.9932752179327522	E3.10K	G	3806	2	1	3801	0	2	0.9986862848134525
E3.10K	472	T	4130	8	1	6	3973	142	0.9619854721549637	E3.10K	T	3949	7	6	0	3794	142	0.9607495568498354
E3.10K	473	G	3992	25	1	3945	0	21	0.9882264529058116	E3.10K	G	3797	17	1	3771	2	6	0.9931524888069528
E3.10K	474	C	3965	1	3945	1	18	0	0.9949558638083228	E3.10K	C	3793	2	3765	0	23	3	0.992617980490377
E3.10K	475	G	4105	14	2	3947	11	131	0.961510353227771	E3.10K	G	3895	15	4	3768	5	103	0.9673940949935815
E3.10K	476	T	3897	4	133	6	3734	20	0.9581729535540159	E3.10K	T	3670	3	144	5	3518	0	0.95858310626703
E3.10K	477	C	3825	4	3750	3	68	0	0.9803921568627451	E3.10K	C	3614	1	3553	3	57	0	0.9831211953514112
E3.10K	478	A	3877	3621	40	9	207	0	0.9339695640959504	E3.10K	A	3667	3416	57	7	187	0	0.9315516771202618
E3.10K	479	C	3962	4	3873	1	84	0	0.9775365976779404	E3.10K	C	3765	6	3657	2	100	0	0.9713147410358566
E3.10K	480	C	4017	1	3956	1	22	37	0.9848145382125965	E3.10K	C	3839	3	3757	1	37	41	0.9786402709038812
E3.10K	481	G	3969	63	1	3883	22	0	0.9783320735701688	E3.10K	G	3795	79	1	3687	26	2	0.9715415019762846
E3.10K	482	G	3973	7	3	3953	10	0	0.9949660206393154	E3.10K	G	3789	7	2	3772	8	0	0.9955133280548958
E3.10K	483	C	3963	3	3944	2	9	5	0.9952056522836236	E3.10K	C	3768	1	3756	4	7	0	0.9968152866242038
E3.10K	484	C	4030	5	3914	4	31	76	0.9712158808933002	E3.10K	C	3856	12	3724	3	36	81	0.9657676348547718
E3.10K	485	G	3964	245	1	3706	5	7	0.9349142280524723	E3.10K	G	3776	248	1	3503	19	5	0.9277012711864406
E3.10K	486	C	3906	66	3272	5	563	0	0.8376856118791602	E3.10K	C	3685	59	2977	5	644	0	0.8078697421981004
E3.10K	487	T	4050	29	6	22	3901	92	0.9632098765432099	E3.10K	T	3853	37	6	16	3732	62	0.9685958992992474
E3.10K	488	G	4249	10	26	3898	15	300	0.9173923276064957	E3.10K	G	3985	4	37	3715	10	219	0.9322459222082811
E3.10K	489	C	3329	9	3208	46	66	0	0.9636527485731451	E3.10K	C	3075	5	2945	56	69	0	0.9577235772357724
E3.10K	490	A	3519	2758	204	16	541	0	0.7837453822108553	E3.10K	A	3261	2544	197	21	499	0	0.7801287948482061
E3.10K	491	C	3974	1	3479	16	227	251	0.8754403623553095	E3.10K	C	3714	5	3279	11	222	197	0.882875605815832
E3.10K	492	C	3514	2	3367	0	145	0	0.9581673306772909	E3.10K	C	3210	5	3031	1	173	0	0.9442367601246106
E3.10K	493	A	3387	2749	32	3	603	0	0.8116327133156186	E3.10K	A	3018	2314	33	5	666	0	0.7667329357190192
E3.10K	494	C	4022	0	3662	3	259	98	0.9104922923918448	E3.10K	C	3815	0	3435	1	273	106	0.9003931847968545
E3.10K	495	A	3571	2964	128	0	479	0	0.8300196023522822	E3.10K	A	3363	2691	137	1	534	0	0.800178412132025
E3.10K	496	C	3884	0	3857	0	27	0	0.993048403707518	E3.10K	C	3733	0	3680	0	46	7	0.985802303777123
E3.10K	497	C	3854	2	3828	0	24	0	0.9932537623248573	E3.10K	C	3680	6	3642	0	32	0	0.9896739130434783
E3.10K	498	T	3731	5	40	1	3685	0	0.9876708657196462	E3.10K	T	3516	7	53	0	3456	0	0.9829351535836177
E3.10K	499	A	3669	3558	59	5	47	0	0.9697465249386754	E3.10K	A	3388	3246	70	3	69	0	0.9580873671782763
E3.10K	500	C	3816	6	3749	1	60	0	0.9824423480083857	E3.10K	C	3630	5	3539	3	83	0	0.974931129476584
E3.10K	501	C	3948	7	3832	4	19	86	0.9706180344478217	E3.10K	C	3784	10	3658	7	18	91	0.9667019027484144
E3.10K	502	G	3935	50	11	3775	39	60	0.9593392630241423	E3.10K	G	3768	61	11	3604	41	51	0.9564755838641189
E3.10K	503	C	3971	11	3949	2	9	0	0.9944598337950139	E3.10K	C	3794	5	3777	2	10	0	0.9955192409066947
E3.10K	504	C	4011	9	3964	0	12	26	0.9882822238843181	E3.10K	C	3835	6	3790	1	9	29	0.9882659713168188
E3.10K	505	T	3988	86	13	6	3878	5	0.9724172517552658	E3.10K	T	3796	78	14	8	3692	4	0.9726027397260274
E3.10K	506	G	4048	3	4	3977	1	63	0.9824604743083004	E3.10K	G	3844	4	2	3791	1	46	0.9862122788761707
E3.10K	507	A	3962	3919	12	13	18	0	0.9891468955073195	E3.10K	A	3770	3721	12	16	21	0	0.9870026525198939
E3.10K	508	C	3954	13	3888	4	42	7	0.9833080424886191	E3.10K	C	3766	9	3686	15	52	4	0.9787573021773766
E3.10K	509	C	4028	2	3953	6	27	40	0.9813803376365442	E3.10K	C	3825	7	3763	0	34	21	0.9837908496732026
E3.10K	510	G	4003	14	3	3963	2	21	0.9900074943792155	E3.10K	G	3816	16	1	3771	3	25	0.9882075471698113
E3.10K	511	T	3946	6	25	1	3914	0	0.9918905220476432	E3.10K	T	3779	2	32	0	3735	10	0.9883567081238422
E3.10K	512	A	3821	3803	7	3	8	0	0.9952891913111751	E3.10K	A	3625	3601	6	9	9	0	0.9933793103448276
E3.10K	513	A	3981	3903	4	8	42	24	0.9804069329314242	E3.10K	A	3803	3714	6	9	55	19	0.9765974230870366
E3.10K	514	A	3997	3945	6	12	23	11	0.9869902426820115	E3.10K	A	3815	3775	5	10	19	6	0.9895150720838795
E3.10K	515	C	3982	1	3902	0	77	2	0.9799095931692616	E3.10K	C	3805	2	3677	1	117	8	0.9663600525624179
E3.10K	516	C	4015	55	3928	14	2	16	0.9783312577833125	E3.10K	C	3832	89	3704	17	3	19	0.9665970772442589
E3.10K	517	A	4003	3839	0	159	1	4	0.9590307269547839	E3.10K	A	3818	3757	0	56	1	4	0.9840230487166055
E3.10K	518	G	4008	1	2	3996	0	9	0.9970059880239521	E3.10K	G	3817	0	0	3813	1	3	0.9989520565889441
E3.10K	519	A	4020	3990	0	2	2	26	0.9925373134328358	E3.10K	A	3829	3808	0	3	1	17	0.9945155393053017
E3.10K	520	C	3961	2	3868	4	35	52	0.9765210805352184	E3.10K	C	3712	5	3654	1	52	0	0.984375
E3.10K	521	T	2165	1	5	1	2158	0	0.9967667436489608	E3.10K	T	1905	3	5	0	1897	0	0.9958005249343832
E3.10K	522	T	3470	1	82	0	3333	54	0.9605187319884726	E3.10K	T	3261	2	83	0	3146	30	0.9647347439435756
E3.10K	523	T	3988	5	138	1	3773	71	0.9460882647943831	E3.10K	T	3766	6	188	2	3493	77	0.9275092936802974
E3.10K	524	T	4013	5	208	0	3734	66	0.9304759531522552	E3.10K	T	3774	12	204	0	3522	36	0.9332273449920508
E3.10K	525	T	3872	90	61	3	3718	0	0.9602272727272727	E3.10K	T	3636	85	111	2	3438	0	0.9455445544554455
E3.10K	526	C	3763	12	3687	1	63	0	0.9798033483922403	E3.10K	C	3510	24	3392	2	92	0	0.9663817663817664
E3.10K	527	C	4029	13	3968	7	6	35	0.9848597666914867	E3.10K	C	3841	21	3771	10	3	36	0.9817755792762302
E3.10K	528	G	3987	663	0	3320	4	0	0.8327062954602458	E3.10K	G	3798	647	3	3143	5	0	0.8275408109531333
E3.10K	529	G	4039	3	4	3973	2	57	0.983659321614261	E3.10K	G	3838	3	3	3790	2	40	0.9874934861907243
E3.10K	530	A	3979	3894	9	4	64	8	0.9786378487057049	E3.10K	A	3804	3726	5	2	58	13	0.9794952681388013
E3.10K	531	C	3999	7	3974	0	4	14	0.9937484371092773	E3.10K	C	3816	6	3789	4	1	16	0.9929245283018868
E3.10K	532	A	3984	3958	1	22	2	1	0.9934738955823293	E3.10K	A	3801	3772	0	21	8	0	0.9923704288345172
E3.10K	533	G	4042	0	1	3992	1	48	0.987629886194953	E3.10K	G	3840	0	1	3808	0	31	0.9916666666666667
E3.10K	534	A	4065	3933	2	2	47	81	0.9675276752767528	E3.10K	A	3849	3731	1	1	55	61	0.9693426864120551
E3.10K	535	C	3982	1	3951	0	23	7	0.9922149673530889	E3.10K	C	3773	1	3743	2	26	1	0.9920487675589716
E3.10K	536	C	4007	35	3870	1	18	83	0.9658098327926129	E3.10K	C	3813	40	3663	2	37	71	0.96066089693155
E3.10K	537	T	3844	41	38	13	3752	0	0.9760665972944849	E3.10K	T	3675	24	49	4	3598	0	0.979047619047619
E3.10K	538	C	4048	61	3837	1	68	81	0.9478754940711462	E3.10K	C	3839	52	3621	7	86	73	0.9432143787444647
E3.10K	539	A	3948	3907	6	13	22	0	0.9896149949341438	E3.10K	A	3756	3691	9	28	28	0	0.9826943556975506
E3.10K	540	A	3963	3913	8	34	7	1	0.9873832954832198	E3.10K	A	3775	3707	12	49	7	0	0.9819867549668874
E3.10K	541	T	4024	4	29	0	3927	64	0.9758946322067594	E3.10K	T	3816	5	41	1	3727	42	0.9766771488469602
E3.10K	542	A	3942	3932	6	2	2	0	0.9974632166412988	E3.10K	A	3761	3743	8	2	8	0	0.9952140388194629
E3.10K	543	A	3997	3946	2	1	7	41	0.987240430322742	E3.10K	A	3773	3751	1	3	9	9	0.9941690962099126
E3.10K	544	C	3672	5	3629	0	38	0	0.9882897603485838	E3.10K	C	3521	4	3473	0	44	0	0.9863675092303323
E3.10K	545	T	3701	60	6	1	3606	28	0.9743312618211294	E3.10K	T	3566	89	2	0	3447	28	0.9666292765002804
E3.10K	546	C	3723	12	3520	26	165	0	0.9454740800429761	E3.10K	C	3562	22	3294	26	220	0	0.9247613700168444
E3.10K	547	T	3910	72	10	17	3806	5	0.9734015345268542	E3.10K	T	3719	71	12	16	3620	0	0.973379940844313
E3.10K	548	G	4098	103	11	3796	11	177	0.9263055148853099	E3.10K	G	3904	99	27	3612	13	153	0.9252049180327869
E3.10K	549	T	3737	31	64	17	3625	0	0.9700294353759701	E3.10K	T	3532	35	85	10	3402	0	0.9631936579841449
E3.10K	550	T	3990	85	280	9	3480	136	0.8721804511278195	E3.10K	T	3720	85	261	19	3265	90	0.8776881720430108
E3.10K	551	T	4008	9	127	1	3815	56	0.9518463073852296	E3.10K	T	3835	17	144	2	3599	73	0.9384615384615385
E3.10K	552	A	3711	3488	16	4	203	0	0.9399083804904338	E3.10K	A	3554	3354	17	4	179	0	0.943725379853686
E3.10K	553	C	3975	5	3897	1	33	39	0.9803773584905661	E3.10K	C	3766	7	3677	2	39	41	0.9763674986723314
E3.10K	554	C	4031	11	3984	1	0	35	0.9883403621930043	E3.10K	C	3851	24	3785	1	1	40	0.9828615943910672
E3.10K	555	A	3995	3953	1	35	2	4	0.9894868585732165	E3.10K	A	3814	3775	0	31	2	6	0.9897745149449397
E3.10K	556	G	4011	0	2	3993	0	16	0.9955123410620793	E3.10K	G	3825	1	0	3807	2	15	0.9952941176470588
E3.10K	557	A	3951	3908	0	10	33	0	0.9891166793216907	E3.10K	A	3752	3713	0	8	31	0	0.9896055437100213
E3.10K	558	A	3982	3950	15	5	4	8	0.9919638372677047	E3.10K	A	3811	3765	11	3	10	22	0.9879296772500656
E3.10K	559	C	3993	1	3906	3	65	18	0.9782118707738543	E3.10K	C	3817	2	3722	6	59	28	0.9751113439874247
E3.10K	560	A	3807	3691	22	38	56	0	0.9695298135014447	E3.10K	A	3627	3523	17	31	56	0	0.9713261648745519
E3.10K	561	G	3860	32	2	3805	21	0	0.9857512953367875	E3.10K	G	3610	54	2	3529	25	0	0.977562326869806
E3.10K	562	G	4049	29	2	3910	4	104	0.9656705359347987	E3.10K	G	3888	59	1	3710	3	115	0.9542181069958847
E3.10K	563	A	3913	3884	5	8	16	0	0.9925888065422949	E3.10K	A	3736	3724	0	6	6	0	0.9967880085653105
E3.10K	564	G	3921	48	3	3853	17	0	0.9826574853353737	E3.10K	G	3715	44	1	3645	25	0	0.9811574697173621
E3.10K	565	C	4239	32	3798	7	67	335	0.8959660297239915	E3.10K	C	4020	51	3577	7	79	306	0.8898009950248756
E3.10K	566	G	3595	181	5	3365	44	0	0.9360222531293463	E3.10K	G	3501	149	6	3292	54	0	0.9403027706369609
E3.10K	567	C	3763	403	3123	10	227	0	0.8299229338293914	E3.10K	C	3609	308	3096	13	192	0	0.85785536159601
E3.10K	568	T	3760	213	8	10	3523	6	0.936968085106383	E3.10K	T	3593	176	14	14	3389	0	0.9432229334817701
E3.10K	569	A	3575	3468	17	40	50	0	0.97006993006993	E3.10K	A	3372	3230	21	36	85	0	0.9578884934756821
E3.10K	570	C	3824	1	3765	0	56	2	0.984571129707113	E3.10K	C	3657	4	3583	0	70	0	0.9797648345638501
E3.10K	571	A	3781	3679	42	1	59	0	0.9730230097857709	E3.10K	A	3610	3514	31	0	65	0	0.9734072022160665
E3.10K	572	A	3806	3559	19	2	226	0	0.9351024697845507	E3.10K	A	3610	3362	26	1	221	0	0.9313019390581717
E3.10K	573	C	3983	11	3670	4	147	151	0.9214160180768265	E3.10K	C	3797	16	3457	1	165	158	0.9104556228601528
E3.10K	574	C	4120	64	3741	5	100	210	0.9080097087378641	E3.10K	C	3947	90	3516	2	118	221	0.8908031416265518
E3.10K	575	T	3666	30	216	16	3404	0	0.928532460447354	E3.10K	T	3440	35	242	9	3154	0	0.916860465116279
E3.10K	576	T	3990	22	40	31	3855	42	0.9661654135338346	E3.10K	T	3785	23	45	26	3646	45	0.9632760898282695
E3.10K	577	G	3956	20	6	3915	8	7	0.9896359959555107	E3.10K	G	3754	34	7	3704	9	0	0.986680873734683
E3.10K	578	A	3839	3806	8	13	12	0	0.9914040114613181	E3.10K	A	3691	3658	7	21	5	0	0.9910593335139528
E3.10K	579	A	3953	3890	2	40	21	0	0.9840627371616494	E3.10K	A	3761	3687	3	50	21	0	0.9803243818133475
E3.10K	580	G	4081	4	2	3948	5	122	0.967409948542024	E3.10K	G	3888	4	1	3758	4	121	0.9665637860082305
E3.10K	581	T	3998	60	5	8	3869	56	0.9677338669334667	E3.10K	T	3810	64	6	9	3681	50	0.9661417322834646
E3.10K	582	C	3890	6	3821	25	38	0	0.9822622107969151	E3.10K	C	3701	5	3632	24	40	0	0.9813563901648203
E3.10K	583	A	4016	3860	2	91	2	61	0.9611553784860558	E3.10K	A	3793	3688	1	82	0	22	0.9723174268389138
E3.10K	584	G	3968	2	7	3952	7	0	0.9959677419354839	E3.10K	G	3789	1	0	3781	7	0	0.9978886249670098
E3.10K	585	G	4054	4	2	3965	6	77	0.9780463739516527	E3.10K	G	3862	6	0	3784	2	70	0.9798032107716209
E3.10K	586	C	4001	19	3800	11	74	97	0.94976255936016	E3.10K	C	3850	10	3647	6	65	122	0.9472727272727273
E3.10K	587	T	3845	18	10	0	3817	0	0.9927178153446033	E3.10K	T	3650	12	10	4	3624	0	0.9928767123287672
E3.10K	588	T	3970	19	14	0	3927	10	0.989168765743073	E3.10K	T	3776	27	18	3	3728	0	0.9872881355932204
E3.10K	589	C	3977	11	3915	3	14	34	0.9844103595675132	E3.10K	C	3764	4	3746	0	5	9	0.9952178533475027
E3.10K	590	C	4045	12	3959	1	9	64	0.9787391841779975	E3.10K	C	3885	8	3777	3	9	88	0.9722007722007722
E3.10K	591	T	3988	58	9	12	3877	32	0.9721664994984955	E3.10K	T	3786	36	7	17	3710	16	0.9799260433174855
E3.10K	592	G	3894	82	3	3795	14	0	0.9745762711864406	E3.10K	G	3706	106	3	3584	13	0	0.9670804101457097
E3.10K	593	G	3991	0	0	3983	4	4	0.9979954898521674	E3.10K	G	3814	1	1	3808	1	3	0.9984268484530676
E3.10K	594	A	3986	3983	1	2	0	0	0.9992473657802308	E3.10K	A	3810	3809	0	0	0	1	0.9997375328083989
E3.10K	595	T	3984	1	34	0	3947	2	0.9907128514056225	E3.10K	T	3807	0	41	1	3765	0	0.9889676910953507
E3.10K	596	G	4054	2	1	3977	0	74	0.9810064134188455	E3.10K	G	3877	0	1	3804	0	72	0.9811710085117359
E3.10K	597	T	3946	12	53	1	3880	0	0.9832742017232641	E3.10K	T	3762	13	69	1	3679	0	0.9779372674109517
E3.10K	598	C	4002	4	3935	4	17	42	0.9832583708145927	E3.10K	C	3861	5	3768	4	14	70	0.9759129759129759
E3.10K	599	A	3980	3822	4	48	92	14	0.9603015075376884	E3.10K	A	3806	3629	3	65	90	19	0.9534944823962165
E3.10K	600	G	3996	18	4	3936	13	25	0.984984984984985	E3.10K	G	3806	20	5	3744	8	29	0.9837099316868103
E3.10K	601	C	3976	12	3865	6	53	40	0.9720824949698189	E3.10K	C	3757	11	3664	8	68	6	0.9752462070801171
E3.10K	602	A	3940	3901	5	9	12	13	0.9901015228426396	E3.10K	A	3730	3696	8	15	11	0	0.9908847184986596
E3.10K	603	T	4094	54	106	11	3796	127	0.9272105520273571	E3.10K	T	3852	37	102	11	3622	80	0.9402907580477674
E3.10K	604	C	4136	14	3724	4	196	198	0.9003868471953579	E3.10K	C	3874	38	3460	5	228	143	0.8931337119256583
E3.10K	605	T	4013	42	15	13	3909	34	0.97408422626464	E3.10K	T	3804	28	15	9	3742	10	0.9837013669821241
E3.10K	606	G	4020	4	5	3975	0	36	0.9888059701492538	E3.10K	G	3822	7	2	3797	1	15	0.9934589220303506
E3.10K	607	A	4027	3956	9	6	6	50	0.9823690091879811	E3.10K	A	3840	3793	4	4	3	36	0.9877604166666667
E3.10K	608	C	4148	7	3928	2	34	177	0.9469623915139826	E3.10K	C	3920	6	3749	1	30	134	0.9563775510204081
E3.10K	609	T	3670	26	11	2	3631	0	0.9893732970027248	E3.10K	T	3471	18	13	3	3437	0	0.9902045520023048
E3.10K	610	T	4034	21	126	7	3807	73	0.943728309370352	E3.10K	T	3835	28	95	13	3648	51	0.951238591916558
E3.10K	611	T	3994	8	10	15	3945	16	0.9877315973960942	E3.10K	T	3795	5	19	8	3760	3	0.9907773386034255
E3.10K	612	G	3910	20	21	3844	25	0	0.9831202046035805	E3.10K	G	3736	29	20	3661	26	0	0.9799250535331906
E3.10K	613	G	3991	1	5	3977	7	1	0.9964921072412929	E3.10K	G	3810	2	4	3786	14	4	0.9937007874015747
E3.10K	614	C	3980	0	3975	0	5	0	0.9987437185929648	E3.10K	C	3794	0	3787	1	6	0	0.9981549815498155
E3.10K	615	C	4024	4	3983	2	1	34	0.9898111332007953	E3.10K	C	3840	1	3802	1	2	34	0.9901041666666667
E3.10K	616	A	3979	3831	0	24	124	0	0.9628047248052275	E3.10K	A	3794	3626	3	41	124	0	0.955719557195572
E3.10K	617	G	4016	4	1	3984	0	27	0.9920318725099602	E3.10K	G	3840	6	1	3803	1	29	0.9903645833333333
E3.10K	618	C	3828	4	3743	54	27	0	0.9777951933124347	E3.10K	C	3630	4	3540	61	25	0	0.9752066115702479
E3.10K	619	A	3929	3786	8	8	94	33	0.963603970475948	E3.10K	A	3714	3571	8	7	122	6	0.9614970382337102
E3.10K	620	C	3951	16	3917	0	18	0	0.9913945836497089	E3.10K	C	3791	13	3754	1	23	0	0.9902400422052229
E3.10K	621	C	4024	20	3929	4	20	51	0.9763916500994035	E3.10K	C	3863	22	3762	3	16	60	0.9738545172146
E3.10K	622	T	4200	44	5	64	3853	234	0.9173809523809524	E3.10K	T	4031	53	4	71	3672	231	0.9109402133465642
E3.10K	623	G	3999	6	2	3969	0	22	0.9924981245311327	E3.10K	G	3837	7	1	3802	1	26	0.9908782903309877
E3.10K	624	T	4003	35	26	45	3844	53	0.960279790157382	E3.10K	T	3819	29	28	47	3677	38	0.9628174914899188
E3.10K	625	C	3701	12	3656	1	32	0	0.987841124020535	E3.10K	C	3445	10	3396	2	37	0	0.9857764876632801
E3.10K	626	C	3970	2	3932	1	2	33	0.9904282115869018	E3.10K	C	3818	6	3765	2	1	44	0.9861183865898376
E3.10K	627	C	4194	27	3851	3	41	272	0.9182164997615642	E3.10K	C	3983	36	3655	10	47	235	0.9176500125533518
E3.10K	628	G	3898	421	5	3430	42	0	0.8799384299640841	E3.10K	G	3724	419	8	3239	55	3	0.8697636949516648
E3.10K	629	C	4027	18	3673	2	285	49	0.9120933697541594	E3.10K	C	3872	25	3473	0	309	65	0.8969524793388429
E3.10K	630	G	3975	485	3	3464	23	0	0.8714465408805031	E3.10K	G	3794	454	0	3322	18	0	0.8755930416447022
E3.10K	631	G	3989	5	2	3969	8	5	0.9949862120832289	E3.10K	G	3811	3	1	3789	12	6	0.9942272369456836
E3.10K	632	A	3991	3947	1	2	16	25	0.9889751941869206	E3.10K	A	3771	3755	1	1	14	0	0.9957570936091222
E3.10K	633	T	4104	3	128	1	3806	166	0.9273879142300195	E3.10K	T	3933	3	146	2	3606	176	0.9168573607932876
E3.10K	634	T	4012	9	82	2	3894	25	0.9705882352941176	E3.10K	T	3840	7	81	1	3716	35	0.9677083333333333
E3.10K	635	T	4023	17	42	5	3927	32	0.9761372110365399	E3.10K	T	3829	7	46	2	3749	25	0.9791068164011492
E3.10K	636	G	4020	57	8	3911	10	34	0.9728855721393035	E3.10K	G	3821	37	9	3743	10	22	0.9795864956817587
E3.10K	637	T	3726	42	229	16	3439	0	0.9229736983360172	E3.10K	T	3514	41	223	19	3231	0	0.9194649971542401
E3.10K	638	T	4193	3	177	1	3800	212	0.9062723586930599	E3.10K	T	3999	3	176	6	3619	195	0.9049762440610153
E3.10K	639	C	3994	4	3981	0	0	9	0.9967451176765147	E3.10K	C	3801	5	3796	0	0	0	0.9986845566956064
E3.10K	640	C	4042	8	3981	1	0	52	0.9849084611578427	E3.10K	C	3861	7	3801	1	1	51	0.9844599844599845
E3.10K	641	A	4002	3954	2	34	1	11	0.9880059970014993	E3.10K	A	3834	3784	0	30	0	20	0.9869587897756912
E3.10K	642	G	4010	1	0	3991	1	17	0.9952618453865336	E3.10K	G	3826	1	0	3813	1	11	0.9966021955044433
E3.10K	643	T	4022	4	2	1	3985	30	0.9908005967180508	E3.10K	T	3830	9	4	0	3801	16	0.9924281984334203
E3.10K	644	C	4011	4	3986	1	2	18	0.993767140363999	E3.10K	C	3811	2	3803	1	2	3	0.997900813434794
E3.10K	645	C	4024	2	3986	0	1	35	0.9905566600397614	E3.10K	C	3839	0	3803	0	3	33	0.9906225579578015
E3.10K	646	A	3821	3764	11	6	40	0	0.9850824391520544	E3.10K	A	3640	3572	4	9	55	0	0.9813186813186813
E3.10K	647	A	3439	3365	1	25	48	0	0.9784821168944461	E3.10K	A	3220	3135	4	27	54	0	0.9736024844720497
E3.10K	648	C	3422	8	3210	14	190	0	0.9380479251899474	E3.10K	C	3206	12	2960	9	224	1	0.9232688708671242
E3.10K	649	T	3441	39	21	3	3378	0	0.981691368788143	E3.10K	T	3221	29	24	1	3167	0	0.9832350201800683
E3.10K	650	A	3301	3095	22	18	166	0	0.9375946682823387	E3.10K	A	3118	2907	25	23	163	0	0.9323284156510584
E3.10K	651	C	3946	22	3842	9	38	35	0.9736441966548404	E3.10K	C	3773	32	3645	14	41	41	0.9660747415849457
E3.10K	652	A	3905	3680	2	193	30	0	0.942381562099872	E3.10K	A	3747	3518	3	205	21	0	0.9388844408860422
E3.10K	653	G	3923	29	6	3870	8	10	0.9864899311751211	E3.10K	G	3764	17	4	3721	8	14	0.9885759829968119
E3.10K	654	C	3936	13	3787	5	131	0	0.9621443089430894	E3.10K	C	3771	14	3653	6	97	1	0.9687085653672766
E3.10K	655	G	4017	9	3	3921	25	59	0.9761015683345781	E3.10K	G	3855	9	3	3759	18	66	0.9750972762645914
E3.10K	656	A	3836	3710	13	16	84	13	0.9671532846715328	E3.10K	A	3647	3569	7	5	66	0	0.9786125582670688
E3.10K	657	C	3764	2	3734	6	22	0	0.9920297555791711	E3.10K	C	3593	2	3576	3	12	0	0.9952685777901475
E3.10K	658	C	3872	4	3801	0	5	62	0.9816632231404959	E3.10K	C	3687	5	3617	4	3	58	0.9810143748304855
E3.10K	659	C	3839	1	3774	7	25	32	0.9830685074238082	E3.10K	C	3653	0	3592	2	33	26	0.983301396112784
E3.10K	660	A	4031	3669	34	2	184	142	0.9101959811461175	E3.10K	A	3812	3502	39	2	161	108	0.9186778593913956
E3.10K	661	C	3749	17	3704	1	27	0	0.987996799146439	E3.10K	C	3603	15	3558	0	30	0	0.9875104079933389
E3.10K	662	C	4041	9	3916	1	9	106	0.9690670626082653	E3.10K	C	3888	6	3738	0	12	132	0.9614197530864198
E3.10K	663	C	4058	9	3893	0	20	136	0.9593395761458847	E3.10K	C	3872	10	3718	0	17	127	0.9602272727272727
E3.10K	664	T	3518	4	111	3	3400	0	0.9664582148948266	E3.10K	T	3288	3	138	0	3147	0	0.9571167883211679
E3.10K	665	A	3952	3936	3	2	11	0	0.9959514170040485	E3.10K	A	3778	3767	5	1	5	0	0.9970884065643197
E3.10K	666	A	3992	3933	5	5	39	10	0.9852204408817635	E3.10K	A	3813	3745	4	11	44	9	0.982166273275636
E3.10K	667	C	4049	7	3950	5	23	64	0.9755495183996048	E3.10K	C	3895	7	3775	3	18	92	0.9691912708600771
E3.10K	668	A	3676	3648	0	27	1	0	0.9923830250272034	E3.10K	A	3546	3511	0	31	4	0	0.9901297236322617
E3.10K	669	G	3679	1	12	3661	5	0	0.9951073661321012	E3.10K	G	3550	0	10	3527	13	0	0.9935211267605634
E3.10K	670	A	3980	3978	0	0	2	0	0.9994974874371859	E3.10K	A	3806	3802	0	3	0	1	0.998949027850762
E3.10K	671	G	3990	0	0	3985	5	0	0.9987468671679198	E3.10K	G	3813	0	0	3811	2	0	0.999475478625754
E3.10K	672	A	3989	3979	1	4	2	3	0.9974931060416145	E3.10K	A	3809	3807	0	2	0	0	0.9994749278025729
E3.10K	673	T	4008	1	18	2	3967	20	0.9897704590818364	E3.10K	T	3822	0	14	1	3793	14	0.9924123495552067
E3.10K	674	G	4000	0	6	3960	3	31	0.99	E3.10K	G	3834	1	3	3799	3	28	0.9908711528429839
E3.10K	675	A	3938	3895	6	9	28	0	0.9890807516505841	E3.10K	A	3756	3706	9	6	35	0	0.9866879659211928
E3.10K	676	C	3893	3	3852	2	36	0	0.9894682763935269	E3.10K	C	3723	3	3674	1	45	0	0.9868385710448563
E3.10K	677	C	3925	12	3863	1	49	0	0.9842038216560509	E3.10K	C	3741	7	3681	1	52	0	0.9839615076182838
E3.10K	678	A	3808	3754	5	1	48	0	0.9858193277310925	E3.10K	A	3613	3550	6	3	54	0	0.9825629670633822
E3.10K	679	A	3808	3652	22	3	131	0	0.9590336134453782	E3.10K	A	3644	3469	17	9	149	0	0.9519758507135017
E3.10K	680	C	3792	0	3621	2	161	8	0.9549050632911392	E3.10K	C	3637	5	3428	1	182	21	0.9425350563651361
E3.10K	681	A	3769	3647	4	2	116	0	0.9676306712655877	E3.10K	A	3607	3465	8	4	130	0	0.9606321042417522
E3.10K	682	C	3798	1	3714	1	82	0	0.9778830963665087	E3.10K	C	3638	1	3556	0	81	0	0.977460142935679
E3.10K	683	A	3650	3541	9	1	99	0	0.9701369863013699	E3.10K	A	3459	3339	12	0	108	0	0.9653078924544666
E3.10K	684	A	3811	3690	17	5	99	0	0.9682498032012595	E3.10K	A	3642	3491	11	1	139	0	0.9585392641405821
E3.10K	685	C	3753	10	3517	2	224	0	0.9371169730881961	E3.10K	C	3559	11	3272	1	275	0	0.9193593706097218
E3.10K	686	C	3892	2	3812	2	76	0	0.9794450154162384	E3.10K	C	3689	6	3619	2	62	0	0.9810246679316889
E3.10K	687	A	3705	3626	9	7	63	0	0.9786774628879892	E3.10K	A	3525	3434	3	14	74	0	0.9741843971631206
E3.10K	688	A	3908	3637	13	163	58	37	0.9306550665301945	E3.10K	A	3689	3436	19	155	68	11	0.9314177283816752
E3.10K	689	C	3663	1	3514	5	143	0	0.9593229593229593	E3.10K	C	3455	4	3306	4	141	0	0.9568740955137482
E3.10K	690	G	3636	9	8	3539	62	18	0.9733223322332233	E3.10K	G	3420	15	9	3336	46	14	0.9754385964912281
E3.10K	691	C	3771	8	3530	2	231	0	0.9360912224874038	E3.10K	C	3589	8	3341	1	239	0	0.9308999721370855
E3.10K	692	G	3897	119	13	3588	172	5	0.9207082371054658	E3.10K	G	3751	147	11	3391	186	16	0.9040255931751533
E3.10K	693	G	3870	7	28	3820	15	0	0.9870801033591732	E3.10K	G	3709	14	32	3645	18	0	0.9827446751145862
E3.10K	694	C	3915	25	3809	1	32	48	0.9729246487867178	E3.10K	C	3753	28	3624	2	45	54	0.9656274980015987
E3.10K	695	C	3917	11	3838	12	23	33	0.9798315037018126	E3.10K	C	3749	2	3682	11	24	30	0.9821285676180315
E3.10K	696	G	3884	60	0	3795	29	0	0.9770854788877446	E3.10K	G	3723	58	0	3656	9	0	0.9820037604082729
E3.10K	697	C	3894	98	3721	3	72	0	0.955572675911659	E3.10K	C	3699	82	3524	1	92	0	0.9526899161935658
E3.10K	698	C	4089	26	3747	7	178	131	0.9163609684519443	E3.10K	C	3890	23	3589	8	161	109	0.9226221079691517
E3.10K	699	G	3893	128	3	3724	38	0	0.9565887490367326	E3.10K	G	3704	120	4	3551	29	0	0.9586933045356372
E3.10K	700	C	3993	100	3652	0	195	46	0.9146005509641874	E3.10K	C	3769	123	3454	2	183	7	0.9164234544972141
E3.10K	701	T	4057	49	27	4	3848	129	0.9484841015528716	E3.10K	T	3864	63	18	6	3663	114	0.9479813664596274
E3.10K	702	A	3872	3785	18	5	64	0	0.9775309917355371	E3.10K	A	3656	3582	11	6	57	0	0.9797592997811816
E3.10K	703	C	3886	15	3786	0	75	10	0.9742665980442614	E3.10K	C	3623	11	3500	0	112	0	0.9660502346121999
E3.10K	704	C	4026	161	3730	59	19	57	0.9264778936910084	E3.10K	C	3815	205	3539	48	7	16	0.927653997378768
E3.10K	705	G	3955	1224	1	2725	5	0	0.6890012642225032	E3.10K	G	3794	1462	0	2322	6	4	0.6120189773326304
E3.10K	706	G	4076	13	62	3888	3	110	0.9538763493621197	E3.10K	G	3882	4	10	3776	7	85	0.9726944873776404
E3.10K	707	A	3701	3621	14	12	54	0	0.9783842204809511	E3.10K	A	3599	3575	6	0	18	0	0.9933314809669352
E3.10K	708	C	3985	5	3763	3	48	166	0.9442910915934756	E3.10K	C	3738	4	3554	4	29	147	0.9507758159443552
E3.10K	709	T	2622	74	177	3	2368	0	0.9031273836765827	E3.10K	T	2928	59	111	2	2756	0	0.9412568306010929
E3.10K	710	T	3004	62	491	5	2446	0	0.8142476697736352	E3.10K	T	3038	21	213	7	2797	0	0.9206714944042133
E3.10K	711	A	3444	3326	25	1	92	0	0.9657375145180023	E3.10K	A	3373	3278	16	0	79	0	0.9718351615772309
E3.10K	712	C	3793	0	3756	1	34	2	0.9902451885051411	E3.10K	C	3567	0	3533	2	32	0	0.9904681805438744
E3.10K	713	A	3596	3432	58	15	91	0	0.9543937708565072	E3.10K	A	3327	3153	73	20	81	0	0.9477006311992786
E3.10K	714	T	3377	35	68	9	3265	0	0.9668344684631329	E3.10K	T	3170	44	62	8	3056	0	0.9640378548895899
E3.10K	715	C	3616	34	3409	6	167	0	0.942754424778761	E3.10K	C	3376	22	3173	4	177	0	0.9398696682464455
E3.10K	716	T	3593	10	60	3	3520	0	0.9796827163929863	E3.10K	T	3399	11	48	2	3338	0	0.9820535451603413
E3.10K	717	A	3600	3506	21	6	67	0	0.9738888888888889	E3.10K	A	3347	3258	13	6	70	0	0.9734090230056768
E3.10K	718	C	3580	11	3511	1	55	2	0.9807262569832402	E3.10K	C	3306	7	3246	4	49	0	0.9818511796733213
E3.10K	719	C	3760	18	3702	7	33	0	0.9845744680851064	E3.10K	C	3564	19	3506	2	37	0	0.9837261503928171
E3.10K	720	A	3738	3624	7	19	88	0	0.9695024077046549	E3.10K	A	3556	3455	8	14	79	0	0.9715973003374578
E3.10K	721	C	4053	12	3805	6	19	211	0.9388107574636072	E3.10K	C	3828	14	3626	3	18	167	0.9472309299895507
E3.10K	722	A	3050	2938	49	41	22	0	0.9632786885245902	E3.10K	A	2960	2840	43	48	29	0	0.9594594594594594
E3.10K	723	A	3966	3791	31	84	41	19	0.9558749369641957	E3.10K	A	3784	3596	31	83	46	28	0.9503171247357294
E3.10K	724	A	3978	3830	21	68	47	12	0.9627953745600805	E3.10K	A	3778	3636	23	82	33	4	0.9624139756484913
E3.10K	725	T	3997	6	66	10	3880	35	0.9707280460345259	E3.10K	T	3796	5	49	9	3711	22	0.9776080084299262
E3.10K	726	A	3783	3717	28	13	25	0	0.9825535289452815	E3.10K	A	3642	3576	22	21	23	0	0.9818780889621087
E3.10K	727	C	3793	1	3750	2	40	0	0.9886633271816504	E3.10K	C	3615	2	3563	0	50	0	0.9856154910096819
E3.10K	728	A	3964	3709	29	3	98	125	0.9356710393541877	E3.10K	A	3739	3527	30	1	100	81	0.9433003476865472
E3.10K	729	C	2605	14	2531	4	56	0	0.9715930902111325	E3.10K	C	2290	21	2192	1	76	0	0.9572052401746725
E3.10K	730	C	3981	1	3943	1	17	19	0.990454659633258	E3.10K	C	3809	7	3773	1	12	16	0.9905487004463114
E3.10K	731	C	4006	5	3962	2	8	29	0.9890164752870694	E3.10K	C	3829	2	3790	2	10	25	0.9898145729955602
E3.10K	732	C	3892	70	3788	10	24	0	0.9732785200411099	E3.10K	C	3738	74	3620	9	35	0	0.9684323167469235
E3.10K	733	A	3839	3720	25	71	23	0	0.9690023443605106	E3.10K	A	3681	3548	23	92	18	0	0.9638685139907633
E3.10K	734	A	3981	3937	0	23	16	5	0.9889475006279829	E3.10K	A	3812	3761	1	28	17	5	0.9866211962224554
E3.10K	735	G	4306	19	6	3943	6	332	0.9156990246168137	E3.10K	G	4089	13	10	3777	3	286	0.9236977256052825
E3.10K	736	T	3412	26	11	30	3345	0	0.9803634232121923	E3.10K	T	3266	36	30	28	3172	0	0.9712186160440907
E3.10K	737	T	4099	9	84	3	3845	158	0.9380336667479873	E3.10K	T	3934	10	82	4	3680	158	0.9354346720894764
E3.10K	738	T	3724	21	142	1	3560	0	0.9559613319011815	E3.10K	T	3605	22	114	6	3463	0	0.9606102635228849
E3.10K	739	C	2908	11	2375	12	510	0	0.8167125171939478	E3.10K	C	2792	20	2368	12	392	0	0.8481375358166189
E3.10K	740	T	3877	30	28	42	3777	0	0.9742068609749807	E3.10K	T	3698	28	36	55	3579	0	0.9678204434829638
E3.10K	741	G	3925	40	22	3793	67	3	0.9663694267515923	E3.10K	G	3770	37	25	3616	82	10	0.9591511936339523
E3.10K	742	C	3950	5	3827	9	50	59	0.9688607594936709	E3.10K	C	3768	7	3620	11	77	53	0.9607218683651805
E3.10K	743	C	4363	26	3819	13	57	448	0.8753151501260601	E3.10K	C	4217	36	3680	3	54	444	0.8726582878823809
E3.10K	744	T	3572	71	48	0	3453	0	0.9666853303471444	E3.10K	T	3482	93	75	1	3313	0	0.9514646754738656
E3.10K	745	T	4088	7	257	5	3653	166	0.8935909980430529	E3.10K	T	3959	13	242	1	3517	186	0.8883556453649911
E3.10K	746	T	4036	5	20	28	3911	72	0.9690287413280476	E3.10K	T	3848	4	22	17	3760	45	0.9771309771309772
E3.10K	747	G	4137	25	12	3914	13	173	0.9460962049794537	E3.10K	G	3952	25	9	3753	15	150	0.9496457489878543
E3.10K	748	T	3990	27	50	15	3852	46	0.9654135338345865	E3.10K	T	3811	24	48	10	3689	40	0.9679874048806087
E3.10K	749	C	4340	9	3929	2	18	382	0.9052995391705069	E3.10K	C	4095	14	3757	6	12	306	0.9174603174603174
E3.10K	750	A	3874	3812	18	30	14	0	0.9839958699019101	E3.10K	A	3715	3643	24	27	21	0	0.9806191117092867
E3.10K	751	A	3936	3786	23	97	26	4	0.961890243902439	E3.10K	A	3767	3622	26	99	15	5	0.9615078311653836
E3.10K	752	T	4116	39	38	5	3851	183	0.935617103984451	E3.10K	T	3913	32	37	5	3695	144	0.9442882698696652
E3.10K	753	A	3724	3667	14	6	37	0	0.9846938775510204	E3.10K	A	3600	3545	11	6	38	0	0.9847222222222223
E3.10K	754	A	3819	3709	2	8	100	0	0.971196648337261	E3.10K	A	3668	3571	6	9	82	0	0.9735550708833152
E3.10K	755	C	3710	33	3437	3	237	0	0.9264150943396227	E3.10K	C	3551	25	3336	0	190	0	0.9394536750211208
E3.10K	756	T	4053	88	2	6	3755	202	0.926474216629657	E3.10K	T	3889	87	2	3	3590	207	0.9231164823862176
E3.10K	757	G	3617	196	5	3321	95	0	0.9181642244954382	E3.10K	G	3421	201	2	3119	99	0	0.9117217187956738
E3.10K	758	G	3957	68	8	3854	12	15	0.9739701794288602	E3.10K	G	3777	69	7	3680	11	10	0.9743182419909981
E3.10K	759	G	3951	33	1	3897	17	3	0.9863325740318907	E3.10K	G	3788	23	0	3745	16	4	0.9886483632523759
E3.10K	760	A	3907	3884	4	3	16	0	0.9941131302789864	E3.10K	A	3750	3731	2	6	11	0	0.9949333333333333
E3.10K	761	T	4018	3	44	0	3916	55	0.9746142359382778	E3.10K	T	3870	1	40	1	3767	61	0.9733850129198967
E3.10K	762	A	3794	3762	15	3	14	0	0.9915656299420137	E3.10K	A	3632	3606	7	2	17	0	0.9928414096916299
E3.10K	763	A	3788	3104	10	2	672	0	0.8194297782470961	E3.10K	A	3655	3013	6	3	633	0	0.8243502051983584
E3.10K	764	C	3939	10	3212	0	557	160	0.8154353896928155	E3.10K	C	3804	8	3131	1	516	148	0.823080967402734
E3.10K	765	T	3792	10	310	1	3471	0	0.9153481012658228	E3.10K	T	3645	8	299	2	3336	0	0.9152263374485596
E3.10K	766	T	4097	10	16	20	3914	137	0.9553331706126434	E3.10K	T	3930	6	11	22	3763	128	0.9575063613231553
E3.10K	767	G	3867	63	3	3713	88	0	0.9601758469097491	E3.10K	G	3703	76	2	3553	72	0	0.9594923035376721
E3.10K	768	G	3969	2	0	3960	7	0	0.9977324263038548	E3.10K	G	3808	0	1	3805	2	0	0.9992121848739496
E3.10K	769	G	3984	2	5	3960	9	8	0.9939759036144579	E3.10K	G	3819	1	12	3790	9	7	0.9924063891070961
E3.10K	770	C	3983	2	3966	2	0	13	0.9957318604067286	E3.10K	C	3822	1	3802	3	2	14	0.9947671376242805
E3.10K	771	A	3749	3725	5	12	7	0	0.9935982928781009	E3.10K	A	3613	3593	5	6	9	0	0.9944644339883754
E3.10K	772	T	3705	18	29	22	3636	0	0.9813765182186235	E3.10K	T	3578	23	41	21	3493	0	0.9762437115707099
E3.10K	773	G	3840	11	5	3824	0	0	0.9958333333333333	E3.10K	G	3698	9	16	3672	1	0	0.9929691725256896
E3.10K	774	T	3925	26	37	1	3843	18	0.979108280254777	E3.10K	T	3777	23	39	4	3692	19	0.9774953666931427
E3.10K	775	G	3907	192	1	3709	5	0	0.9493217302277963	E3.10K	G	3751	172	2	3575	2	0	0.9530791788856305
E3.10K	776	G	3996	4	21	3922	19	30	0.9814814814814815	E3.10K	G	3824	9	10	3736	37	32	0.9769874476987448
E3.10K	777	T	3949	10	1	0	3938	0	0.9972144846796658	E3.10K	T	3786	11	3	1	3771	0	0.9960380348652932
E3.10K	778	G	3900	22	2	3867	9	0	0.9915384615384616	E3.10K	G	3737	24	1	3704	8	0	0.9911693872089912
E3.10K	779	G	3968	8	9	3914	3	34	0.9863911290322581	E3.10K	G	3782	4	9	3743	4	22	0.9896879957694341
E3.10K	780	T	3502	14	18	21	3449	0	0.9848657909765848	E3.10K	T	3415	5	23	17	3370	0	0.986822840409956
E3.10K	781	T	3442	32	39	0	3371	0	0.9793724578733295	E3.10K	T	3194	29	37	1	3127	0	0.9790231684408266
E3.10K	782	C	3081	12	2868	1	200	0	0.9308666017526777	E3.10K	C	2877	5	2690	0	182	0	0.9350017379214459
E3.10K	783	T	3921	78	46	1	3796	0	0.9681203774547309	E3.10K	T	3782	84	42	0	3645	11	0.9637757800105764
E3.10K	784	C	4000	24	3888	2	14	72	0.972	E3.10K	C	3830	25	3734	1	10	60	0.974934725848564
E3.10K	785	C	3986	8	3908	1	13	56	0.980431510286001	E3.10K	C	3826	7	3734	1	9	75	0.9759539989545217
E3.10K	786	A	3594	3294	66	7	227	0	0.9165275459098498	E3.10K	A	3481	3197	75	6	203	0	0.9184142487790865
E3.10K	787	T	3812	7	103	6	3621	75	0.9498950682056663	E3.10K	T	3717	11	110	5	3476	115	0.9351627656712402
E3.10K	788	A	3939	3855	4	56	24	0	0.9786747905559787	E3.10K	A	3777	3674	4	73	26	0	0.9727296796399258
E3.10K	789	G	3938	11	4	3912	11	0	0.9933976637887253	E3.10K	G	3780	8	4	3761	7	0	0.994973544973545
E3.10K	790	C	3943	3	3892	2	37	9	0.9870656860258686	E3.10K	C	3777	3	3731	4	38	1	0.9878210219751126
E3.10K	791	G	4042	25	0	3917	11	89	0.9690747154873824	E3.10K	G	3869	16	1	3757	13	82	0.9710519514086328
E3.10K	792	C	3826	13	3705	5	103	0	0.9683742812336644	E3.10K	C	3677	5	3574	3	94	1	0.9719880337231439
E3.10K	793	T	3819	26	42	4	3747	0	0.98114689709348	E3.10K	T	3661	26	33	1	3601	0	0.9836110352362742
E3.10K	794	T	3800	12	197	2	3589	0	0.9444736842105264	E3.10K	T	3657	16	177	1	3463	0	0.9469510527754991
E3.10K	795	A	3843	3784	12	38	9	0	0.9846474108769191	E3.10K	A	3732	3624	7	49	11	41	0.9710610932475884
E3.10K	796	T	4368	0	36	9	3910	413	0.8951465201465202	E3.10K	T	4169	5	40	10	3726	388	0.893739505876709
E3.10K	797	G	4267	7	17	3918	10	315	0.9182095148816499	E3.10K	G	4073	12	16	3744	9	292	0.919224159096489
E3.10K	798	T	3758	13	114	39	3592	0	0.9558275678552421	E3.10K	T	3627	17	107	28	3475	0	0.9580920871243452
E3.10K	799	T	3987	16	58	7	3882	24	0.9736644093303235	E3.10K	T	3825	11	74	7	3705	28	0.9686274509803922
E3.10K	800	T	3991	5	28	13	3916	29	0.9812077173640692	E3.10K	T	3816	6	39	16	3735	20	0.9787735849056604
E3.10K	801	G	4029	14	5	3931	9	70	0.9756763464879623	E3.10K	G	3858	14	12	3764	4	64	0.975635044064282
E3.10K	802	T	3983	12	13	3	3885	70	0.9753954305799648	E3.10K	T	3786	15	13	5	3710	43	0.9799260433174855
E3.10K	803	A	3924	3894	4	18	1	7	0.9923547400611621	E3.10K	A	3759	3729	5	15	3	7	0.9920191540303273
E3.10K	804	T	3988	8	21	3	3930	26	0.9854563691073219	E3.10K	T	3828	7	21	2	3769	29	0.9845872518286312
E3.10K	805	G	3909	10	4	3882	13	0	0.9930928626247122	E3.10K	G	3764	5	4	3746	9	0	0.9952178533475027
E3.10K	806	C	3889	2	3880	3	4	0	0.9976857804062741	E3.10K	C	3709	1	3691	4	13	0	0.9951469398759774
E3.10K	807	C	4041	31	3896	3	17	94	0.9641177926255877	E3.10K	C	3849	30	3733	1	12	73	0.9698623018965965
E3.10K	808	T	3318	70	100	1	3147	0	0.9484629294755877	E3.10K	T	3153	62	78	0	3013	0	0.9555978433238186
E3.10K	809	T	3388	26	105	0	3257	0	0.9613341204250295	E3.10K	T	3213	37	101	1	3071	3	0.9558045440398382
E3.10K	810	A	3658	3591	17	25	11	14	0.9816839803171131	E3.10K	A	3493	3456	13	14	6	4	0.9894073862009733
E3.10K	811	T	3800	59	62	0	3679	0	0.9681578947368421	E3.10K	T	3629	90	68	1	3470	0	0.956186277211353
E3.10K	812	T	3919	8	114	1	3779	17	0.9642766011737688	E3.10K	T	3764	15	153	0	3569	27	0.9481934112646121
E3.10K	813	A	3953	3944	2	3	0	4	0.9977232481659499	E3.10K	A	3786	3775	2	1	2	6	0.997094558901215
E3.10K	814	T	3809	14	41	0	3754	0	0.9855605145707534	E3.10K	T	3622	9	44	1	3568	0	0.9850911098840419
E3.10K	815	T	3940	10	25	2	3903	0	0.9906091370558375	E3.10K	T	3769	16	28	2	3723	0	0.9877951711329265
E3.10K	816	A	3950	3928	6	7	2	7	0.9944303797468355	E3.10K	A	3781	3765	4	1	2	9	0.9957683152605131
E3.10K	817	T	3860	2	38	1	3819	0	0.9893782383419689	E3.10K	T	3703	8	40	1	3654	0	0.9867674858223062
E3.10K	818	G	3840	13	20	3800	7	0	0.9895833333333334	E3.10K	G	3679	11	26	3633	9	0	0.9874966023375917
E3.10K	819	T	3912	6	37	2	3867	0	0.9884969325153374	E3.10K	T	3728	14	40	8	3666	0	0.9833690987124464
E3.10K	820	G	3856	12	3	3841	0	0	0.9961099585062241	E3.10K	G	3725	25	2	3694	2	2	0.9916778523489933
E3.10K	821	G	3942	38	5	3877	13	9	0.9835109081684424	E3.10K	G	3772	40	7	3695	19	11	0.9795864262990456
E3.10K	822	C	4023	26	3595	5	81	316	0.893611732537907	E3.10K	C	3849	26	3443	8	70	302	0.8945180566380878
E3.10K	823	T	3718	71	1	0	3646	0	0.9806347498655191	E3.10K	T	3578	83	1	6	3484	4	0.9737283398546674
E3.10K	824	C	3774	9	3464	2	299	0	0.9178590355060944	E3.10K	C	3618	8	3260	0	350	0	0.9010503040353787
E3.10K	825	A	3752	3682	14	4	52	0	0.9813432835820896	E3.10K	A	3617	3529	15	2	60	11	0.9756704451202655
E3.10K	826	T	3962	19	73	5	3782	83	0.9545683997980817	E3.10K	T	3796	27	59	4	3626	80	0.9552160168598525
E3.10K	827	C	3781	23	3323	4	423	8	0.8788680243321872	E3.10K	C	3586	27	3105	2	452	0	0.865867261572783
E3.10K	828	T	3916	31	4	18	3842	21	0.9811031664964249	E3.10K	T	3726	25	5	19	3677	0	0.9868491680085884
E3.10K	829	G	3989	58	2	3878	12	39	0.9721734770619203	E3.10K	G	3806	52	0	3716	5	33	0.976353126642144
E3.10K	830	C	4018	18	3399	3	523	75	0.8459432553509209	E3.10K	C	3827	14	3201	0	555	57	0.8364253984844525
E3.10K	831	T	3987	11	3	1	3953	19	0.9914722849260096	E3.10K	T	3807	6	4	5	3778	14	0.9923824533753611
E3.10K	832	G	3993	7	7	3951	2	26	0.9894815927873779	E3.10K	G	3806	3	5	3778	8	12	0.9926431949553337
E3.10K	833	C	3976	1	3949	2	9	15	0.9932092555331992	E3.10K	C	3798	1	3774	1	7	15	0.9936808846761453
E3.10K	834	C	4007	5	3957	0	7	38	0.9875218367856251	E3.10K	C	3836	2	3789	0	5	40	0.987747653806048
E3.10K	835	T	4060	26	11	3	3880	140	0.9556650246305419	E3.10K	T	3823	23	11	2	3711	76	0.9707036358880461
E3.10K	836	A	3744	3686	6	41	11	0	0.9845085470085471	E3.10K	A	3543	3488	3	40	12	0	0.9844764324019193
E3.10K	837	A	3923	3887	15	9	12	0	0.9908233494774408	E3.10K	A	3769	3721	15	22	7	4	0.9872645263995755
E3.10K	838	A	3933	3901	4	26	2	0	0.9918637172641749	E3.10K	A	3775	3740	2	22	3	8	0.990728476821192
E3.10K	839	G	3772	12	1	3757	2	0	0.9960233297985154	E3.10K	G	3618	7	1	3610	0	0	0.9977888336097291
E3.10K	840	C	3825	37	3665	5	82	36	0.9581699346405229	E3.10K	C	3665	16	3520	2	86	41	0.9604365620736699
E3.10K	841	G	3891	25	1	3856	9	0	0.9910048830634798	E3.10K	G	3711	38	0	3670	3	0	0.9889517650229048
E3.10K	842	C	4166	26	3851	2	29	258	0.9243879020643303	E3.10K	C	4051	28	3665	2	36	320	0.9047148852135275
E3.10K	843	A	3316	3287	5	5	19	0	0.991254523522316	E3.10K	A	3257	3221	7	9	20	0	0.9889468836352472
E3.10K	844	A	3998	3953	0	2	3	40	0.988744372186093	E3.10K	A	3825	3777	1	3	7	37	0.9874509803921568
E3.10K	845	A	3859	3793	2	28	36	0	0.9828971236071521	E3.10K	A	3697	3649	5	22	21	0	0.9870164998647553
E3.10K	846	C	3730	4	2593	15	1118	0	0.6951742627345845	E3.10K	C	3544	3	2491	12	1038	0	0.7028781038374717
E3.10K	847	G	3840	19	8	3710	9	94	0.9661458333333334	E3.10K	G	3622	18	4	3527	9	64	0.973771397018222
E3.10K	848	C	3961	3	3580	1	352	25	0.9038121686442817	E3.10K	C	3757	4	3414	3	336	0	0.9087037529944104
E3.10K	849	G	3953	6	4	3902	17	24	0.9870984062737161	E3.10K	G	3770	4	6	3725	20	15	0.9880636604774535
E3.10K	850	C	3847	6	3822	5	14	0	0.9935014296854692	E3.10K	C	3671	3	3649	7	12	0	0.9940070825388178
E3.10K	851	C	3944	9	3917	5	5	8	0.9931541582150102	E3.10K	C	3767	5	3738	6	11	7	0.9923015662330767
E3.10K	852	C	3998	21	3845	9	80	43	0.9617308654327164	E3.10K	C	3805	21	3671	8	83	22	0.9647831800262812
E3.10K	853	G	3977	11	3	3912	14	37	0.9836560221272316	E3.10K	G	3813	5	1	3760	7	40	0.986100183582481
E3.10K	854	A	3619	3442	7	77	93	0	0.9510914617297596	E3.10K	A	3390	3266	7	41	76	0	0.9634218289085545
E3.10K	855	C	3027	7	2835	7	178	0	0.9365708622398414	E3.10K	C	2791	4	2635	6	146	0	0.9441060551773558
E3.10K	856	C	3317	35	3073	13	196	0	0.926439553813687	E3.10K	C	3035	47	2772	16	200	0	0.9133443163097199
E3.10K	857	A	3526	3208	33	12	177	96	0.9098128190584232	E3.10K	A	3252	2966	32	4	206	44	0.9120541205412054
E3.10K	858	C	3313	15	3086	6	206	0	0.931482040446725	E3.10K	C	3112	15	2893	5	199	0	0.9296272493573264
E3.10K	859	C	3696	22	3596	20	54	4	0.9729437229437229	E3.10K	C	3520	24	3414	8	64	10	0.9698863636363636
E3.10K	860	C	3717	72	3441	13	130	61	0.9257465698143664	E3.10K	C	3456	71	3267	17	101	0	0.9453125
E3.10K	861	A	3559	3335	37	68	119	0	0.9370609721831975	E3.10K	A	3387	3153	26	64	144	0	0.9309123117803366
E3.10K	862	T	3391	108	15	148	3120	0	0.9200825715128281	E3.10K	T	3286	111	12	135	3028	0	0.9214850882531954
E3.10K	863	C	3139	47	2482	19	591	0	0.7906976744186046	E3.10K	C	3027	49	2467	27	484	0	0.8149983481995375
E3.10K	864	T	3047	70	43	1	2933	0	0.9625861503117821	E3.10K	T	2790	105	51	4	2630	0	0.942652329749104
E3.10K	865	A	3684	3608	13	20	43	0	0.9793702497285559	E3.10K	A	3550	3481	13	10	46	0	0.9805633802816901
E3.10K	866	T	3905	5	117	7	3774	2	0.9664532650448143	E3.10K	T	3736	4	149	14	3569	0	0.9552997858672377
E3.10K	867	A	3963	3909	1	44	9	0	0.9863739591218774	E3.10K	A	3791	3736	3	39	13	0	0.9854919546293854
E3.10K	868	G	3967	3	1	3963	0	0	0.9989916813713133	E3.10K	G	3797	4	1	3790	1	1	0.9981564392941796
E3.10K	869	T	4025	8	3	2	3954	58	0.9823602484472049	E3.10K	T	3829	7	6	2	3784	30	0.9882475842256464
E3.10K	870	C	3852	0	3850	0	2	0	0.9994807892004154	E3.10K	C	3689	0	3687	0	2	0	0.9994578476551911
E3.10K	871	C	3984	0	3956	0	0	28	0.9929718875502008	E3.10K	C	3849	0	3792	0	0	57	0.9851909586905689
E3.10K	872	C	3877	3	3869	0	5	0	0.9979365488779984	E3.10K	C	3726	8	3712	1	5	0	0.9962426194310252
E3.10K	873	A	3818	3795	3	0	20	0	0.9939759036144579	E3.10K	A	3651	3629	6	0	16	0	0.9939742536291427
E3.10K	874	T	3802	77	40	2	3683	0	0.9687006838506049	E3.10K	T	3639	66	34	2	3537	0	0.9719703215169002
E3.10K	875	C	3802	29	3736	0	37	0	0.9826407154129405	E3.10K	C	3635	22	3569	0	44	0	0.9818431911966987
E3.10K	876	A	3883	3853	14	5	8	3	0.9922740149369045	E3.10K	A	3697	3671	18	5	3	0	0.9929672707600757
E3.10K	877	T	3910	6	158	8	3718	20	0.9508951406649616	E3.10K	T	3740	4	140	10	3569	17	0.9542780748663101
E3.10K	878	T	3976	24	7	12	3895	38	0.9796277665995976	E3.10K	T	3797	24	11	12	3720	30	0.9797208322359757
E3.10K	879	G	3956	16	8	3906	5	21	0.987360970677452	E3.10K	G	3794	17	6	3745	2	24	0.9870848708487084
E3.10K	880	T	3954	8	59	1	3867	19	0.9779969650986343	E3.10K	T	3787	5	47	2	3723	10	0.9831000792183786
E3.10K	881	G	3873	62	0	3801	10	0	0.981409759876065	E3.10K	G	3716	46	1	3665	4	0	0.986275565123789
E3.10K	882	C	3916	90	3742	1	66	17	0.9555669050051072	E3.10K	C	3774	73	3603	3	51	44	0.9546899841017488
E3.10K	883	T	3806	155	10	3	3629	9	0.9534944823962165	E3.10K	T	3652	102	10	1	3515	24	0.962486308871851
E3.10K	884	A	3673	3606	18	4	45	0	0.9817587802885924	E3.10K	A	3502	3437	29	5	31	0	0.9814391776127926
E3.10K	885	C	3633	7	3519	0	107	0	0.9686209744013212	E3.10K	C	3456	8	3352	1	95	0	0.9699074074074074
E3.10K	886	A	3930	3530	44	1	257	98	0.8982188295165394	E3.10K	A	3732	3353	36	0	254	89	0.8984458735262594
E3.10K	887	C	3886	7	3806	0	73	0	0.9794132784354092	E3.10K	C	3702	9	3599	0	94	0	0.9721772015126958
E3.10K	888	C	3968	4	3945	0	6	13	0.9942036290322581	E3.10K	C	3798	5	3777	0	7	9	0.9944707740916272
E3.10K	889	C	3888	11	3832	0	30	15	0.98559670781893	E3.10K	C	3738	17	3657	2	31	31	0.978330658105939
E3.10K	890	A	3784	3756	9	8	11	0	0.992600422832981	E3.10K	A	3600	3569	9	7	15	0	0.9913888888888889
E3.10K	891	A	3825	3796	2	8	16	3	0.9924183006535948	E3.10K	A	3647	3608	5	7	17	10	0.9893062791335344
E3.10K	892	A	3843	3794	2	25	14	8	0.9872495446265938	E3.10K	A	3659	3592	8	34	18	7	0.9816889860617655
E3.10K	893	C	3975	2	3923	0	33	17	0.9869182389937107	E3.10K	C	3803	1	3735	2	51	14	0.9821193794372863
E3.10K	894	A	3923	3871	4	15	33	0	0.9867448381340811	E3.10K	A	3751	3700	7	9	35	0	0.9864036256998134
E3.10K	895	A	3922	3865	3	43	11	0	0.9854665986741459	E3.10K	A	3766	3713	4	38	9	2	0.985926712692512
E3.10K	896	T	3952	2	11	3	3912	24	0.9898785425101214	E3.10K	T	3793	0	10	10	3755	18	0.9899815449512259
E3.10K	897	G	3974	5	1	3941	2	25	0.9916960241570206	E3.10K	G	3822	1	3	3781	2	35	0.989272632129775
E3.10K	898	A	3972	3940	4	6	7	15	0.9919436052366566	E3.10K	A	3805	3777	3	9	3	13	0.9926412614980289
E3.10K	899	T	4007	4	52	0	3899	52	0.9730471674569503	E3.10K	T	3851	12	46	3	3729	61	0.9683199169047001
E3.10K	900	G	3913	57	0	3854	2	0	0.9849220546894966	E3.10K	G	3767	33	0	3729	5	0	0.9899123971329971
E3.10K	901	G	3992	3	2	3948	1	38	0.9889779559118237	E3.10K	G	3854	6	0	3787	0	61	0.9826154644525169
E3.10K	902	A	3895	3888	1	6	0	0	0.9982028241335045	E3.10K	A	3743	3738	2	2	1	0	0.9986641731231632
E3.10K	903	A	3983	3940	5	12	4	22	0.9892041174993723	E3.10K	A	3807	3764	3	17	6	17	0.9887050170738114
E3.10K	904	T	3981	21	13	26	3901	20	0.9799045465963325	E3.10K	T	3814	12	15	15	3752	20	0.983744100681699
E3.10K	905	C	4484	19	3870	2	9	584	0.8630686886708296	E3.10K	C	4236	31	3678	1	4	522	0.8682719546742209
E3.10K	906	C	4219	3	3857	3	73	283	0.9141976771746859	E3.10K	C	4068	4	3681	3	77	303	0.9048672566371682
E3.10K	907	A	3944	3381	69	64	330	100	0.8572515212981744	E3.10K	A	3866	3180	65	47	404	170	0.8225556130367304
E3.10K	908	T	3946	157	52	23	3548	166	0.8991383679675621	E3.10K	T	3739	129	46	27	3403	134	0.9101364001069805
E3.10K	909	A	3949	3908	2	12	27	0	0.9896176247151177	E3.10K	A	3780	3724	2	25	29	0	0.9851851851851852
E3.10K	910	G	3997	0	0	3958	0	39	0.9902426820115087	E3.10K	G	3842	1	1	3793	1	46	0.9872462259239979
E3.10K	911	A	3990	3954	1	1	2	32	0.9909774436090225	E3.10K	A	3819	3787	0	2	2	28	0.9916208431526577
E3.10K	912	T	3962	2	22	1	3927	10	0.991166077738516	E3.10K	T	3781	1	20	1	3759	0	0.9941814334832055
E3.10K	913	T	3991	20	3	0	3937	31	0.9864695565021298	E3.10K	T	3823	12	5	1	3778	27	0.9882291394193042
E3.10K	914	G	3829	304	1	3522	2	0	0.9198224079394097	E3.10K	G	3636	274	1	3358	3	0	0.9235423542354235
E3.10K	915	G	3965	4	7	3930	0	24	0.9911727616645649	E3.10K	G	3800	5	4	3772	3	16	0.9926315789473684
E3.10K	916	A	3952	3919	6	1	16	10	0.9916497975708503	E3.10K	A	3789	3773	2	1	6	7	0.9957772499340195
E3.10K	917	C	3961	2	3821	3	96	39	0.9646553900530169	E3.10K	C	3788	2	3721	0	46	19	0.9823125659978881
E3.10K	918	G	3933	133	3	3782	15	0	0.9616069158403254	E3.10K	G	3779	93	0	3671	14	1	0.9714210108494311
E3.10K	919	G	4121	7	31	3908	5	170	0.94831351613686	E3.10K	G	3857	1	5	3779	2	70	0.9797770287788437
E3.10K	920	A	3742	3622	16	8	96	0	0.9679315873864244	E3.10K	A	3728	3697	0	2	29	0	0.9916845493562232
E3.10K	921	C	4191	22	3740	12	138	279	0.8923884514435696	E3.10K	C	3830	10	3670	4	69	77	0.95822454308094
E3.10K	922	T	4059	9	7	32	3892	119	0.9588568612958857	E3.10K	T	3889	4	2	11	3767	105	0.9686294677294934
E3.10K	923	G	4014	12	1	3933	1	67	0.9798206278026906	E3.10K	G	3840	9	0	3779	0	52	0.9841145833333333
E3.10K	924	A	3890	3880	0	9	1	0	0.9974293059125964	E3.10K	A	3739	3730	1	7	1	0	0.9975929392885798
E3.10K	925	A	3946	3929	1	1	3	12	0.9956918398378104	E3.10K	A	3791	3771	0	1	3	16	0.9947243471379583
E3.10K	926	A	3868	3855	7	0	6	0	0.9966390899689762	E3.10K	A	3689	3681	3	0	5	0	0.9978313906207644
E3.10K	927	C	3878	2	3845	0	13	18	0.9914904589994843	E3.10K	C	3689	5	3671	0	5	8	0.9951206288967199
E3.10K	928	A	3877	3840	9	1	27	0	0.9904565385607429	E3.10K	A	3725	3701	9	2	13	0	0.9935570469798658
E3.10K	929	C	3941	0	3917	0	16	8	0.9939101750824664	E3.10K	C	3779	0	3760	0	7	12	0.9949722148716592
E3.10K	930	A	3754	3692	18	14	30	0	0.9834842834310069	E3.10K	A	3565	3520	13	14	18	0	0.9873772791023843
E3.10K	931	T	3817	5	116	12	3684	0	0.9651558815823945	E3.10K	T	3662	0	142	7	3513	0	0.9593118514472966
E3.10K	932	G	3969	15	30	3808	9	107	0.9594356261022927	E3.10K	G	3782	14	24	3648	5	91	0.9645690111052353
E3.10K	933	T	2701	7	135	8	2551	0	0.9444650129581637	E3.10K	T	2597	8	119	10	2460	0	0.9472468232576049
E3.10K	934	T	2787	23	11	9	2744	0	0.9845712235378543	E3.10K	T	2644	22	8	11	2603	0	0.9844931921331316
E3.10K	935	C	2913	5	2826	9	73	0	0.9701338825952626	E3.10K	C	2843	8	2761	3	71	0	0.971157228279986
E3.10K	936	T	2797	15	14	40	2728	0	0.975330711476582	E3.10K	T	2647	16	10	30	2591	0	0.9788439743105403
E3.10K	937	T	2805	0	257	7	2541	0	0.9058823529411765	E3.10K	T	2559	5	304	9	2241	0	0.8757327080890973
E3.10K	938	T	2672	9	294	8	2361	0	0.8836077844311377	E3.10K	T	2429	7	260	3	2159	0	0.8888431453272951
E3.10K	939	T	2526	31	37	2	2456	0	0.9722882026920031	E3.10K	T	2295	20	34	3	2238	0	0.9751633986928104
E3.10K	940	C	1901	5	1721	4	171	0	0.9053129931614939	E3.10K	C	1752	7	1623	2	120	0	0.9263698630136986
E3.10K	941	T	3435	87	16	2	3330	0	0.9694323144104804	E3.10K	T	3281	91	17	2	3171	0	0.966473636086559
E3.10K	942	C	3184	3	3056	1	124	0	0.9597989949748744	E3.10K	C	3046	4	2939	1	102	0	0.9648719632304662
E3.10K	943	T	3086	34	63	2	2987	0	0.9679196370706417	E3.10K	T	2865	45	65	4	2751	0	0.9602094240837696
E3.10K	944	T	3483	23	125	4	3327	4	0.9552110249784669	E3.10K	T	3234	24	138	6	3066	0	0.948051948051948
E3.10K	945	A	3752	3720	7	9	16	0	0.9914712153518124	E3.10K	A	3519	3455	7	23	34	0	0.9818130150610969
E3.10K	946	C	3929	2	3900	9	11	7	0.9926189870195978	E3.10K	C	3741	3	3706	17	10	5	0.9906442127773323
E3.10K	947	A	3918	3766	1	144	6	1	0.9612046962736089	E3.10K	A	3739	3589	3	140	0	7	0.9598823214763306
E3.10K	948	G	4006	7	5	3905	13	76	0.9747878182725911	E3.10K	G	3815	12	5	3713	15	70	0.9732634338138926
E3.10K	949	T	3882	21	2	28	3831	0	0.9868624420401855	E3.10K	T	3697	19	4	26	3648	0	0.9867460102786043
E3.10K	950	A	3809	3775	1	4	29	0	0.9910737726437385	E3.10K	A	3634	3599	5	6	24	0	0.9903687396807925
E3.10K	951	T	3972	5	41	1	3881	44	0.9770896273917422	E3.10K	T	3787	10	44	1	3692	40	0.9749141800897808
E3.10K	952	G	3965	6	3	3914	2	40	0.9871374527112232	E3.10K	G	3786	8	1	3733	1	43	0.9860010565240359
E3.10K	953	A	3903	3895	0	8	0	0	0.9979502946451447	E3.10K	A	3738	3729	1	6	2	0	0.9975922953451043
E3.10K	954	T	3909	5	94	13	3797	0	0.9713481708876951	E3.10K	T	3733	8	86	17	3622	0	0.970265202250201
E3.10K	955	T	3958	9	5	0	3901	43	0.9855987872662961	E3.10K	T	3796	6	6	1	3736	47	0.9841938883034773
E3.10K	956	A	3239	3225	1	3	10	0	0.9956776782957703	E3.10K	A	2985	2972	2	3	8	0	0.995644891122278
E3.10K	957	A	3949	3927	3	2	0	17	0.9944289693593314	E3.10K	A	3767	3736	8	6	1	16	0.9917706397663923
E3.10K	958	A	3939	3911	0	9	11	8	0.9928915968519929	E3.10K	A	3754	3724	5	5	19	1	0.9920085242408098
E3.10K	959	T	3944	0	32	7	3885	20	0.9850405679513184	E3.10K	T	3758	9	48	5	3681	15	0.9795103778605642
E3.10K	960	G	3903	29	18	3856	0	0	0.9879579810402255	E3.10K	G	3724	24	24	3675	1	0	0.9868421052631579
E3.10K	961	A	3904	3851	0	51	0	2	0.9864241803278688	E3.10K	A	3719	3670	1	47	1	0	0.986824415165367
E3.10K	962	G	3962	1	1	3922	0	38	0.9899040888440181	E3.10K	G	3794	0	1	3742	1	50	0.9862941486557723
E3.10K	963	A	4048	3828	9	2	52	157	0.9456521739130435	E3.10K	A	3802	3626	3	4	63	106	0.9537085744345082
E3.10K	964	C	3936	0	3832	2	63	39	0.9735772357723578	E3.10K	C	3738	1	3633	11	53	40	0.9719101123595506
E3.10K	965	A	3720	3585	44	28	63	0	0.9637096774193549	E3.10K	A	3450	3365	21	18	46	0	0.9753623188405797
E3.10K	966	T	3908	1	197	4	3656	50	0.9355168884339816	E3.10K	T	3705	2	233	2	3406	62	0.9192982456140351
E3.10K	967	G	3872	3	2	3855	1	11	0.9956095041322314	E3.10K	G	3664	4	2	3655	0	3	0.9975436681222707
E3.10K	968	A	4035	3853	1	4	4	173	0.9548946716232961	E3.10K	A	3822	3644	0	6	3	169	0.9534275248560963
E3.10K	969	T	3649	0	8	1	3640	0	0.9975335708413264	E3.10K	T	3396	2	9	1	3384	0	0.9964664310954063
E3.10K	970	T	3717	10	6	0	3701	0	0.9956954533225719	E3.10K	T	3481	9	6	1	3465	0	0.995403619649526
E3.10K	971	C	3656	1	3632	1	22	0	0.9934354485776805	E3.10K	C	3423	1	3402	0	20	0	0.9938650306748467
E3.10K	972	C	3495	62	3428	0	5	0	0.9808297567954221	E3.10K	C	3286	92	3178	0	16	0	0.9671332927571515
E3.10K	973	T	3138	156	65	28	2884	5	0.9190567240280434	E3.10K	T	3010	134	111	28	2737	0	0.9093023255813953
E3.10K	974	C	3169	39	2955	33	142	0	0.9324708109813822	E3.10K	C	3034	31	2866	24	113	0	0.944627554383652
E3.10K	975	G	3169	141	4	2988	36	0	0.9428841905964026	E3.10K	G	3018	144	4	2840	30	0	0.9410205434062293
E3.10K	976	A	3265	3260	0	5	0	0	0.998468606431853	E3.10K	A	3110	3099	0	8	0	3	0.9964630225080385
E3.10K	977	G	2854	4	0	2843	1	6	0.99614576033637	E3.10K	G	2737	2	0	2728	0	7	0.9967117281695287
E3.10K	978	T	2734	4	1	8	2716	5	0.9934162399414777	E3.10K	T	2623	11	0	12	2590	10	0.9874189858940144
E3.10K	979	T	2720	0	26	3	2677	14	0.9841911764705882	E3.10K	T	2599	2	24	6	2555	12	0.9830704116968064
E3.10K	980	T	2683	0	28	0	2645	10	0.9858367499068207	E3.10K	T	2567	0	32	0	2524	11	0.983248928710557
E3.10K	981	T	2537	134	8	0	2381	14	0.938510051241624	E3.10K	T	2393	152	24	0	2195	22	0.917258671124112
E3.10K	982	T	1673	2	5	0	1666	0	0.99581589958159	E3.10K	T	1576	4	6	0	1566	0	0.9936548223350253
E3.10K	983	A	1556	1556	0	0	0	0	1.0	E3.10K	A	1509	1509	0	0	0	0	1.0
E3.10K	984	T	1077	0	0	0	1077	0	1.0	E3.10K	T	1091	0	0	0	1091	0	1.0
E3.10K	985	A	866	866	0	0	0	0	1.0	E3.10K	A	868	868	0	0	0	0	1.0
