chr	pos	ref	depth	A	C	G	T	N	ref_fraction	chr.1	ref.1	depth.1	A.1	C.1	G.1	T.1	N.1	ref_fraction.1
E3.CR1	463	A	6	6	0	0	0	0	1.0	E3.CR1	A	1	1	0	0	0	0	1.0
E3.CR1	464	C	6	0	6	0	0	0	1.0	E3.CR1	C	1	0	1	0	0	0	1.0
E3.CR1	465	G	7	0	0	6	0	1	0.8571428571428571	E3.CR1	G	1	0	0	1	0	0	1.0
E3.CR1	466	T	5	0	0	0	5	0	1.0	E3.CR1	T	1	0	0	0	1	0	1.0
E3.CR1	467	A	6	5	1	0	0	0	0.8333333333333334	E3.CR1	A	1	1	0	0	0	0	1.0
E3.CR1	468	C	6	0	5	0	1	0	0.8333333333333334	E3.CR1	C	1	0	1	0	0	0	1.0
E3.CR1	469	G	7	0	0	6	0	1	0.8571428571428571	E3.CR1	G	1	0	0	1	0	0	1.0
E3.CR1	470	A	6	6	0	0	0	0	1.0	E3.CR1	A	1	1	0	0	0	0	1.0
E3.CR1	471	G	6	0	0	6	0	0	1.0	E3.CR1	G	1	0	0	1	0	0	1.0
E3.CR1	472	T	6	0	0	0	6	0	1.0	E3.CR1	T	2	0	0	0	1	1	0.5
E3.CR1	473	G	6	0	0	6	0	0	1.0	E3.CR1	G	1	0	0	1	0	0	1.0
E3.CR1	474	C	5	0	5	0	0	0	1.0	E3.CR1	C	1	0	1	0	0	0	1.0
E3.CR1	475	G	5	0	0	5	0	0	1.0	E3.CR1	G	1	0	0	1	0	0	1.0
E3.CR1	476	T	5	0	0	0	5	0	1.0	E3.CR1	T	1	0	0	0	1	0	1.0
E3.CR1	477	C	5	0	5	0	0	0	1.0	E3.CR1	C	1	0	1	0	0	0	1.0
E3.CR1	478	A	5	5	0	0	0	0	1.0	E3.CR1	A	1	1	0	0	0	0	1.0
E3.CR1	479	C	6	0	6	0	0	0	1.0	E3.CR1	C	1	0	1	0	0	0	1.0
E3.CR1	480	C	6	0	6	0	0	0	1.0	E3.CR1	C	1	0	1	0	0	0	1.0
E3.CR1	481	G	6	0	0	6	0	0	1.0	E3.CR1	G	1	0	0	1	0	0	1.0
E3.CR1	482	G	6	0	0	6	0	0	1.0	E3.CR1	G	1	0	0	1	0	0	1.0
E3.CR1	483	C	6	0	6	0	0	0	1.0	E3.CR1	C	1	0	1	0	0	0	1.0
E3.CR1	484	C	6	0	6	0	0	0	1.0	E3.CR1	C	1	0	1	0	0	0	1.0
E3.CR1	485	G	6	0	0	6	0	0	1.0	E3.CR1	G	1	0	0	1	0	0	1.0
E3.CR1	486	C	7	0	6	0	0	1	0.8571428571428571	E3.CR1	C	1	0	0	0	1	0	0.0
E3.CR1	487	T	6	0	0	0	6	0	1.0	E3.CR1	T	1	0	0	0	1	0	1.0
E3.CR1	488	G	7	0	0	6	0	1	0.8571428571428571	E3.CR1	G	1	0	0	1	0	0	1.0
E3.CR1	489	C	6	0	6	0	0	0	1.0	E3.CR1	C	1	0	1	0	0	0	1.0
E3.CR1	490	A	6	5	0	0	1	0	0.8333333333333334	E3.CR1	A	1	1	0	0	0	0	1.0
E3.CR1	491	C	6	0	5	0	1	0	0.8333333333333334	E3.CR1	C	1	0	1	0	0	0	1.0
E3.CR1	494	C	6	0	6	0	0	0	1.0	E3.CR1	C	1	0	1	0	0	0	1.0
E3.CR1	495	A	6	6	0	0	0	0	1.0	E3.CR1	A	1	1	0	0	0	0	1.0
E3.CR1	496	C	6	0	6	0	0	0	1.0	E3.CR1	C	1	0	1	0	0	0	1.0
E3.CR1	497	C	6	0	6	0	0	0	1.0	E3.CR1	C	1	0	1	0	0	0	1.0
E3.CR1	498	T	6	0	0	0	6	0	1.0	E3.CR1	T	1	0	0	0	1	0	1.0
E3.CR1	499	A	6	6	0	0	0	0	1.0	E3.CR1	A	1	1	0	0	0	0	1.0
E3.CR1	500	C	5	0	5	0	0	0	1.0	E3.CR1	C	1	0	1	0	0	0	1.0
E3.CR1	501	C	6	0	6	0	0	0	1.0	E3.CR1	C	1	0	1	0	0	0	1.0
E3.CR1	502	G	6	0	0	6	0	0	1.0	E3.CR1	G	1	0	0	1	0	0	1.0
E3.CR1	503	C	6	0	6	0	0	0	1.0	E3.CR1	C	1	0	1	0	0	0	1.0
E3.CR1	504	C	6	0	6	0	0	0	1.0	E3.CR1	C	1	0	1	0	0	0	1.0
E3.CR1	505	T	6	0	0	0	6	0	1.0	E3.CR1	T	1	0	0	0	1	0	1.0
E3.CR1	506	G	6	0	0	6	0	0	1.0	E3.CR1	G	1	0	0	1	0	0	1.0
E3.CR1	507	A	6	6	0	0	0	0	1.0	E3.CR1	A	1	1	0	0	0	0	1.0
E3.CR1	508	C	6	0	6	0	0	0	1.0	E3.CR1	C	1	0	1	0	0	0	1.0
E3.CR1	509	C	6	0	6	0	0	0	1.0	E3.CR1	C	1	0	1	0	0	0	1.0
E3.CR1	510	G	6	0	0	6	0	0	1.0	E3.CR1	G	1	0	0	1	0	0	1.0
E3.CR1	511	T	6	0	0	0	6	0	1.0	E3.CR1	T	1	0	0	0	1	0	1.0
E3.CR1	512	A	6	6	0	0	0	0	1.0	E3.CR1	A	1	1	0	0	0	0	1.0
E3.CR1	513	A	6	6	0	0	0	0	1.0	E3.CR1	A	1	1	0	0	0	0	1.0
E3.CR1	514	A	6	6	0	0	0	0	1.0	E3.CR1	A	1	1	0	0	0	0	1.0
E3.CR1	515	C	6	0	6	0	0	0	1.0	E3.CR1	C	1	0	1	0	0	0	1.0
E3.CR1	516	C	6	0	6	0	0	0	1.0	E3.CR1	C	1	0	1	0	0	0	1.0
E3.CR1	517	A	6	5	0	1	0	0	0.8333333333333334	E3.CR1	A	1	1	0	0	0	0	1.0
E3.CR1	518	G	6	0	0	6	0	0	1.0	E3.CR1	G	1	0	0	1	0	0	1.0
E3.CR1	519	A	6	6	0	0	0	0	1.0	E3.CR1	A	1	1	0	0	0	0	1.0
E3.CR1	520	C	5	0	5	0	0	0	1.0	E3.CR1	C	1	0	1	0	0	0	1.0
E3.CR1	522	T	6	0	2	0	4	0	0.6666666666666666	E3.CR1	T	1	0	0	0	1	0	1.0
E3.CR1	523	T	6	0	1	0	5	0	0.8333333333333334	E3.CR1	T	1	0	0	0	1	0	1.0
E3.CR1	524	T	5	0	0	0	5	0	1.0	E3.CR1	T	1	0	0	0	1	0	1.0
E3.CR1	525	T	5	0	1	0	4	0	0.8	E3.CR1	T	1	0	0	0	1	0	1.0
E3.CR1	526	C	5	0	5	0	0	0	1.0	E3.CR1	C	1	0	1	0	0	0	1.0
E3.CR1	527	C	6	1	5	0	0	0	0.8333333333333334	E3.CR1	C	1	0	1	0	0	0	1.0
E3.CR1	528	G	6	1	0	5	0	0	0.8333333333333334	E3.CR1	G	1	0	0	1	0	0	1.0
E3.CR1	529	G	6	0	2	4	0	0	0.6666666666666666	E3.CR1	G	1	0	0	1	0	0	1.0
E3.CR1	530	A	6	6	0	0	0	0	1.0	E3.CR1	A	1	1	0	0	0	0	1.0
E3.CR1	531	C	6	0	6	0	0	0	1.0	E3.CR1	C	1	0	1	0	0	0	1.0
E3.CR1	532	A	6	6	0	0	0	0	1.0	E3.CR1	A	1	1	0	0	0	0	1.0
E3.CR1	533	G	6	0	0	6	0	0	1.0	E3.CR1	G	1	0	0	1	0	0	1.0
E3.CR1	534	A	6	6	0	0	0	0	1.0	E3.CR1	A	1	1	0	0	0	0	1.0
E3.CR1	535	C	7	0	6	0	0	1	0.8571428571428571	E3.CR1	C	1	0	1	0	0	0	1.0
E3.CR1	536	C	6	0	6	0	0	0	1.0	E3.CR1	C	2	0	1	0	0	1	0.5
E3.CR1	537	T	6	0	0	0	6	0	1.0	E3.CR1	T	1	0	0	0	1	0	1.0
E3.CR1	538	C	6	0	6	0	0	0	1.0	E3.CR1	C	1	0	1	0	0	0	1.0
E3.CR1	539	A	6	6	0	0	0	0	1.0	E3.CR1	A	1	1	0	0	0	0	1.0
E3.CR1	540	A	6	6	0	0	0	0	1.0	E3.CR1	A	1	1	0	0	0	0	1.0
E3.CR1	541	T	6	0	0	0	6	0	1.0	E3.CR1	T	1	0	0	0	1	0	1.0
E3.CR1	542	A	6	6	0	0	0	0	1.0	E3.CR1	A	1	1	0	0	0	0	1.0
E3.CR1	543	A	7	6	0	0	0	1	0.8571428571428571	E3.CR1	A	1	1	0	0	0	0	1.0
E3.CR1	544	C	6	0	6	0	0	0	1.0	E3.CR1	C	1	0	1	0	0	0	1.0
E3.CR1	545	T	6	0	0	0	6	0	1.0	E3.CR1	T	1	0	0	0	1	0	1.0
E3.CR1	546	C	6	0	6	0	0	0	1.0	E3.CR1	C	1	0	1	0	0	0	1.0
E3.CR1	547	T	6	0	0	0	6	0	1.0	E3.CR1	T	1	0	0	0	1	0	1.0
E3.CR1	548	G	6	0	0	6	0	0	1.0	E3.CR1	G	1	0	0	1	0	0	1.0
E3.CR1	549	T	6	0	0	0	6	0	1.0	E3.CR1	T	1	0	0	0	1	0	1.0
E3.CR1	550	T	6	0	0	0	6	0	1.0	E3.CR1	T	1	0	0	0	1	0	1.0
E3.CR1	551	T	6	0	0	0	6	0	1.0	E3.CR1	T	1	0	0	0	1	0	1.0
E3.CR1	552	A	5	5	0	0	0	0	1.0	E3.CR1	A	1	1	0	0	0	0	1.0
E3.CR1	553	C	6	0	6	0	0	0	1.0	E3.CR1	C	1	0	1	0	0	0	1.0
E3.CR1	554	C	6	0	6	0	0	0	1.0	E3.CR1	C	1	0	1	0	0	0	1.0
E3.CR1	555	A	6	6	0	0	0	0	1.0	E3.CR1	A	1	1	0	0	0	0	1.0
E3.CR1	556	G	6	0	0	6	0	0	1.0	E3.CR1	G	1	0	0	1	0	0	1.0
E3.CR1	557	A	6	6	0	0	0	0	1.0	E3.CR1	A	1	1	0	0	0	0	1.0
E3.CR1	558	A	6	6	0	0	0	0	1.0	E3.CR1	A	1	1	0	0	0	0	1.0
E3.CR1	559	C	6	0	6	0	0	0	1.0	E3.CR1	C	1	0	1	0	0	0	1.0
E3.CR1	560	A	6	6	0	0	0	0	1.0	E3.CR1	A	1	1	0	0	0	0	1.0
E3.CR1	561	G	6	0	0	6	0	0	1.0	E3.CR1	G	1	0	0	1	0	0	1.0
E3.CR1	562	G	6	0	0	6	0	0	1.0	E3.CR1	G	1	0	0	1	0	0	1.0
E3.CR1	563	A	6	6	0	0	0	0	1.0	E3.CR1	A	1	1	0	0	0	0	1.0
E3.CR1	564	G	6	0	0	6	0	0	1.0	E3.CR1	G	1	0	0	1	0	0	1.0
E3.CR1	565	G	6	0	0	6	0	0	1.0	E3.CR1	G	1	0	0	1	0	0	1.0
E3.CR1	566	T	6	0	0	0	6	0	1.0	E3.CR1	T	1	0	0	0	1	0	1.0
E3.CR1	567	G	2	0	0	2	0	0	1.0	E3.CR1	G	1	0	0	1	0	0	1.0
E3.CR1	568	A	1	1	0	0	0	0	1.0	E3.CR1	A	1	1	0	0	0	0	1.0
